Linear regression parameters:
Intercept: -0.0143946
Slope: 0.929082
Correlation: 0.971974
Target-output data:
submatrix_0
-0.274912 -0.270214
-0.275056 -0.270113
-0.275125 -0.270243
-0.275128 -0.270321
-0.275453 -0.270603
-0.275697 -0.270894
-0.275834 -0.271056
-0.275929 -0.271187
-0.276156 -0.271517
-0.276158 -0.271506
-0.27616 -0.271539
-0.276287 -0.271601
-0.276362 -0.27172
-0.276367 -0.271711
-0.276372 -0.271709
-0.276548 -0.271925
-0.276551 -0.271938
-0.276583 -0.27197
-0.276591 -0.271952
-0.276564 -0.271938
-0.276567 -0.271929
-0.27657 -0.27193
-0.276576 -0.2719
-0.276489 -0.271869
-0.27625 -0.271498
-0.276252 -0.271343
-0.275794 -0.271029
-0.275802 -0.271067
-0.275539 -0.270766
-0.275282 -0.270467
-0.275284 -0.270467
-0.275286 -0.270343
-0.275289 -0.270138
-0.275034 -0.270174
-0.274769 -0.269858
-0.274775 -0.269667
-0.274525 -0.269415
-0.274528 -0.269317
-0.273883 -0.26879
-0.273887 -0.268741
-0.273793 -0.268653
-0.273795 -0.268653
-0.273732 -0.268559
-0.273719 -0.268438
-0.27372 -0.268425
-0.274008 -0.268703
-0.274082 -0.268781
-0.274082 -0.268781
-0.274166 -0.268829
-0.274168 -0.268881
-0.274273 -0.269094
-0.274486 -0.269133
-0.274689 -0.269296
-0.274954 -0.269688
-0.275204 -0.269945
-0.275594 -0.270302
-0.275784 -0.270596
-0.275787 -0.270611
-0.275878 -0.270812
-0.276056 -0.27102
-0.276233 -0.271197
-0.276459 -0.271296
-0.276501 -0.271354
-0.276517 -0.271383
-0.276454 -0.271224
-0.276352 -0.271115
-0.276238 -0.271115
-0.275777 -0.270376
-0.274877 -0.269565
-0.274878 -0.269591
-0.274712 -0.269295
-0.274532 -0.269166
-0.274334 -0.268918
-0.274129 -0.268658
-0.273965 -0.268424
-0.273967 -0.268452
-0.273968 -0.268371
-0.273662 -0.26806
-0.273663 -0.26806
-0.27352 -0.267843
-0.273521 -0.26768
-0.273406 -0.267677
-0.273376 -0.267645
-0.273254 -0.267488
-0.273287 -0.267477
-0.273287 -0.267483
-0.273352 -0.267508
-0.273352 -0.267508
-0.273414 -0.267598
-0.273504 -0.267638
-0.273638 -0.267786
-0.273638 -0.267772
-0.273638 -0.267772
-0.273638 -0.267853
-0.27381 -0.267953
-0.273809 -0.267953
-0.273986 -0.26816
-0.27455 -0.268753
-0.27455 -0.268753
-0.275229 -0.269533
-0.275231 -0.269565
-0.275335 -0.269658
-0.275472 -0.26986
-0.27556 -0.269981
-0.275563 -0.27006
-0.275622 -0.27006
-0.275624 -0.270097
-0.275625 -0.270176
-0.275705 -0.270299
-0.275825 -0.27044
-0.275925 -0.270424
-0.276036 -0.270572
-0.276038 -0.270554
-0.276153 -0.270711
-0.276324 -0.270907
-0.276214 -0.270822
-0.276216 -0.27079
-0.276123 -0.270687
-0.275745 -0.270408
-0.27547 -0.269742
-0.273441 -0.267926
-0.273442 -0.267613
-0.273442 -0.267431
-0.272047 -0.26588
-0.271801 -0.265528
-0.271712 -0.265337
-0.271438 -0.26514
-0.271336 -0.264949
-0.271333 -0.264977
-0.271307 -0.264908
-0.271303 -0.264908
-0.271322 -0.26494
-0.271938 -0.265462
-0.272187 -0.265932
-0.272396 -0.266213
-0.272658 -0.266539
-0.272654 -0.266506
-0.27293 -0.266506
-0.273194 -0.2671
-0.27319 -0.2671
-0.273993 -0.268006
-0.274449 -0.268366
-0.274446 -0.268517
-0.274822 -0.268798
-0.274822 -0.268908
-0.27493 -0.268996
-0.275056 -0.26909
-0.275081 -0.269152
-0.274935 -0.269037
-0.274725 -0.268901
-0.274725 -0.268849
-0.27461 -0.268739
-0.27461 -0.268739
-0.274495 -0.268626
-0.27428 -0.26836
-0.274022 -0.268141
-0.273864 -0.268065
-0.273863 -0.267939
-0.273721 -0.267803
-0.273583 -0.267648
-0.273342 -0.267329
-0.273215 -0.267225
-0.273102 -0.267127
-0.273065 -0.267043
-0.273047 -0.267004
-0.273084 -0.267028
-0.273085 -0.267018
-0.273137 -0.267064
-0.273171 -0.267099
-0.27327 -0.267235
-0.273269 -0.267274
-0.273482 -0.267439
-0.273542 -0.267439
-0.273541 -0.267468
-0.273584 -0.267583
-0.27363 -0.267621
-0.273686 -0.267688
-0.273715 -0.26773
-0.273763 -0.26775
-0.273761 -0.267788
-0.273868 -0.267943
-0.273941 -0.268016
-0.274053 -0.268169
-0.274116 -0.268259
-0.27418 -0.268339
-0.274183 -0.268383
-0.274183 -0.268383
-0.274163 -0.268374
-0.274139 -0.268353
-0.274139 -0.268339
-0.274106 -0.268323
-0.274061 -0.268278
-0.274017 -0.26823
-0.274017 -0.268234
-0.273944 -0.268167
-0.273944 -0.268153
-0.273787 -0.267999
-0.273744 -0.267984
-0.273696 -0.2679
-0.2736 -0.267778
-0.273247 -0.267395
-0.273132 -0.267263
-0.272829 -0.266901
-0.272786 -0.266882
-0.272785 -0.26684
-0.27277 -0.266832
-0.272824 -0.266881
-0.272907 -0.266989
-0.272988 -0.267039
-0.272984 -0.267057
-0.0565685 -0.119427
0.138057 0.0929074
0.19153 0.141922
0.195491 0.148653
0.242141 0.183807
0.262277 0.200731
0.251848 0.200108
0.267629 0.222569
0.290128 0.237277
0.191197 0.156404
0.154848 0.131997
0.146635 0.120756
0.15232 0.12992
0.157922 0.127209
0.0932824 0.0802855
0.0981017 0.0837837
0.102828 0.0793844
0.035097 0.0308535
0.0437944 0.0338699
0.00210393 -0.0101339
-0.135918 -0.119383
-0.139349 -0.122297
-0.136893 -0.117724
-0.132274 -0.125949
-0.269093 -0.247407
-0.449058 -0.422745
-0.452338 -0.446256
-0.483636 -0.465931
-0.488296 -0.486797
-0.490057 -0.507277
-0.550124 -0.553852
-0.60501 -0.613531
-0.620414 -0.626117
-0.645574 -0.643453
-0.644681 -0.672757
-0.650332 -0.662261
-0.678035 -0.641032
-0.679165 -0.641795
-0.686402 -0.645375
-0.664367 -0.654348
-0.696889 -0.661771
-0.642489 -0.61775
-0.669523 -0.62452
-0.687893 -0.627247
-0.673178 -0.625503
-0.653767 -0.61496
-0.673057 -0.624356
-0.682796 -0.621095
-0.648659 -0.634522
-0.668372 -0.614502
-0.647326 -0.607399
-0.68857 -0.61756
-0.616546 -0.587389
-0.627592 -0.587686
-0.638663 -0.591292
-0.604079 -0.5734
-0.594061 -0.575847
-0.605187 -0.582205
-0.606148 -0.570375
-0.617268 -0.574212
-0.569472 -0.549277
-0.555715 -0.545531
-0.51851 -0.541875
-0.533845 -0.530716
-0.549626 -0.528154
-0.525072 -0.523479
-0.545156 -0.52554
-0.534932 -0.515298
-0.504106 -0.502819
-0.493562 -0.490473
-0.501036 -0.505504
-0.489456 -0.493091
-0.496521 -0.507111
-0.510435 -0.509919
-0.506527 -0.515212
-0.478184 -0.512348
-0.484465 -0.488487
-0.491584 -0.498476
-0.437443 -0.467174
-0.441915 -0.472644
-0.465336 -0.481309
-0.40929 -0.4472
-0.387604 -0.452078
-0.390719 -0.424857
-0.363446 -0.401265
-0.331257 -0.37911
-0.332658 -0.379345
-0.333958 -0.372094
-0.286811 -0.347633
-0.288304 -0.329522
-0.241524 -0.272298
-0.212311 -0.235127
-0.211142 -0.234743
-0.120006 -0.110839
-0.0695263 -0.0538323
-0.0552463 -0.0302781
0.0213447 0.0532949
0.0186414 0.0610021
0.0335544 0.0774541
0.0471229 0.094327
0.0683993 0.107207
0.0959823 0.129667
0.0918431 0.135624
0.118317 0.149433
0.124809 0.167595
0.142657 0.177721
0.138769 0.181347
0.157163 0.191477
0.116548 0.215739
0.126396 0.184307
0.156277 0.188626
0.123119 0.174266
0.140716 0.169865
0.128268 0.157717
0.125039 0.165509
0.115417 0.154501
0.103175 0.172867
0.114074 0.148304
0.146964 0.168449
0.0680214 0.169017
0.0866185 0.0904226
0.0505785 0.0412786
0.0224999 0.0294452
0.00385921 0.0124841
0.0527563 0.0414259
0.0130502 0.0039712
0.0101556 0.0110642
-0.02532 0.00662883
-0.057813 -0.0587551
-0.03994 -0.0378076
-0.0596607 -0.0601909
-0.0513724 -0.0468476
-0.084157 -0.0903212
-0.0681441 -0.0693967
-0.0970935 -0.0924768
-0.127387 -0.0933769
-0.105266 -0.0964495
-0.170587 -0.154229
-0.193127 -0.193157
-0.202729 -0.189587
-0.205483 -0.186589
-0.202989 -0.186194
-0.221914 -0.203606
-0.219856 -0.202196
-0.235128 -0.215662
-0.326912 -0.325309
-0.346916 -0.351286
-0.349367 -0.362714
-0.36832 -0.376344
-0.370044 -0.376384
-0.365869 -0.374743
-0.367905 -0.375475
-0.389551 -0.408398
-0.406486 -0.42369
-0.429577 -0.455124
-0.443796 -0.480715
-0.465286 -0.497396
-0.474385 -0.502128
-0.563024 -0.578192
-0.599825 -0.594824
-0.618776 -0.613871
-0.642709 -0.616168
-0.634356 -0.617772
-0.627118 -0.605588
-0.64385 -0.60942
-0.648947 -0.615658
-0.695821 -0.630099
-0.662299 -0.617845
-0.672638 -0.612228
-0.66807 -0.615895
-0.699799 -0.632233
-0.646045 -0.614866
-0.677111 -0.614928
-0.665202 -0.602875
-0.676235 -0.60765
-0.676846 -0.605054
-0.640415 -0.591935
-0.651537 -0.599482
-0.662673 -0.595986
-0.634231 -0.591276
-0.677502 -0.598196
-0.688639 -0.605076
-0.65941 -0.594154
-0.663117 -0.590688
-0.685125 -0.601363
-0.641387 -0.579424
-0.633093 -0.570563
-0.612845 -0.561798
-0.571057 -0.543756
-0.569481 -0.537353
-0.579486 -0.540456
-0.557194 -0.534718
-0.585091 -0.539245
-0.49499 -0.54219
-0.491458 -0.481351
-0.500165 -0.498203
-0.510666 -0.497132
-0.497576 -0.457322
-0.477412 -0.484902
-0.452023 -0.469452
-0.458185 -0.468158
-0.414801 -0.440052
-0.406739 -0.441593
-0.363812 -0.406176
-0.318428 -0.352948
-0.309481 -0.354525
-0.313487 -0.352855
-0.266744 -0.307674
-0.267688 -0.272036
-0.24707 -0.278242
-0.23532 -0.259707
-0.234832 -0.254755
-0.219038 -0.23682
-0.19971 -0.207443
-0.185852 -0.189093
-0.168296 -0.159134
-0.16151 -0.156581
-0.138557 -0.129637
-0.138635 -0.121103
-0.126256 -0.100272
-0.115335 -0.0914439
-0.111494 -0.0865155
-0.101011 -0.0554991
-0.0969307 -0.0618328
-0.0731457 -0.0337443
-0.0684539 -0.0281543
-0.0549636 -0.0103635
-0.0402928 0.00532848
-0.0347182 0.0131758
-0.0330103 0.0273683
-0.0154077 0.0324814
-0.0151634 0.04125
0.00357342 0.0572006
0.0222072 0.0767243
0.0480387 0.104019
0.0554425 0.102262
0.0459506 0.111797
0.0599526 0.118749
0.0886863 0.144748
0.0971914 0.144941
0.0863746 0.147342
0.105703 0.154218
0.125424 0.16636
0.135371 0.181391
0.108547 0.153463
0.118581 0.158806
0.125712 0.167844
0.146384 0.185207
0.138236 0.163894
0.148895 0.181293
0.159595 0.187799
0.148575 0.169771
0.142269 0.151649
0.112055 0.175732
0.113284 0.173861
0.108242 0.114383
0.130555 0.129583
0.0693851 0.130629
0.0804698 0.0806837
0.0904828 0.0859454
0.0495206 0.0950873
0.0604541 0.05715
0.0932034 0.0789024
0.0445615 0.0484701
0.0296436 0.032873
0.0401265 0.0297527
0.0201651 0.0149603
0.0471968 0.0335763
0.0115158 -0.00371275
0.0212836 0.0182306
-0.0303385 -0.0301173
-0.0719631 -0.064156
-0.0848275 -0.0751674
-0.0766755 -0.070257
-0.0730217 -0.0685517
-0.0987289 -0.0621401
-0.132797 -0.0930994
-0.118542 -0.0676782
-0.111521 -0.0761901
-0.136937 -0.0866026
-0.171952 -0.123677
-0.182705 -0.136132
-0.168158 -0.152711
-0.20556 -0.173013
-0.210485 -0.169592
-0.199846 -0.198061
-0.238451 -0.224891
-0.244336 -0.238089
-0.242181 -0.228073
-0.238167 -0.236861
-0.259088 -0.259414
-0.254245 -0.240993
-0.259117 -0.252554
-0.289191 -0.280524
-0.289958 -0.290164
-0.308239 -0.302657
-0.328127 -0.337565
-0.330693 -0.32996
-0.3426 -0.353321
-0.381802 -0.392104
-0.384654 -0.403583
-0.438186 -0.469882
-0.521218 -0.542751
-0.574009 -0.583545
-0.58621 -0.587847
-0.604214 -0.597774
-0.627995 -0.611578
-0.663309 -0.626141
-0.672601 -0.620817
-0.683668 -0.629848
-0.693266 -0.629962
-0.722982 -0.640877
-0.702306 -0.635857
-0.710149 -0.628218
-0.646103 -0.617015
-0.657195 -0.602637
-0.679436 -0.604791
-0.654752 -0.595124
-0.677042 -0.602152
-0.662691 -0.604052
-0.685001 -0.602404
-0.688312 -0.599779
-0.667572 -0.595519
-0.615234 -0.568185
-0.651273 -0.582517
-0.62086 -0.562353
-0.583602 -0.540276
-0.567274 -0.536485
-0.496096 -0.482358
-0.531763 -0.473553
-0.506452 -0.497986
-0.474803 -0.468644
-0.429731 -0.468909
-0.392403 -0.467905
-0.398608 -0.402457
-0.392862 -0.423381
-0.370582 -0.405124
-0.381027 -0.411301
-0.362233 -0.419468
-0.376842 -0.429092
-0.365131 -0.348697
0.522467 0.569595
0.531979 0.602963
0.541356 0.572382
0.54699 0.540765
0.536788 0.501324
0.507752 0.403713
0.500161 0.365121
0.404822 0.217792
0.353662 0.226941
0.3027 0.249225
0.250457 0.249738
0.234945 0.260226
0.0856395 0.220098
0.0110349 0.179735
-0.0637373 0.136603
-0.233208 -0.0268613
-0.395537 -0.147873
-0.402288 -0.189758
-0.547713 -0.380422
-0.663962 -0.463116
-0.716459 -0.51361
-0.759547 -0.565942
-0.768282 -0.572564
-0.792427 -0.58856
-0.810887 -0.63211
-0.81775 -0.637294
-0.784928 -0.640461
-0.715782 -0.639046
-0.662443 -0.619294
-0.658246 -0.627766
-0.59745 -0.601232
-0.0792748 -0.232092
0.204562 0.00126037
0.244659 0.0197629
0.260336 0.0263416
0.345187 0.0669422
0.386644 0.08524
0.417432 0.0967653
0.424278 0.121759
0.426428 0.119072
0.446042 0.123666
0.438623 0.139251
0.424402 0.178805
0.430283 0.17413
0.441841 0.173468
0.411854 0.194364
0.417288 0.190682
0.380228 0.206123
0.340437 0.205102
0.279466 0.190279
0.293745 0.1833
0.224815 0.15237
0.161663 0.0975555
0.170415 0.102663
0.0338484 0.0509703
-0.0239477 -0.0638397
-0.0199418 -0.0562176
-0.0409582 -0.0680383
-0.089497 -0.118783
-0.130516 -0.161177
-0.168414 -0.197962
-0.261154 -0.296367
-0.31666 -0.381473
-0.346103 -0.395777
-0.373531 -0.469325
-0.281398 -0.395955
-0.223187 -0.348916
-0.21742 -0.338029
-0.154261 -0.282497
-0.124828 -0.25509
-0.118278 -0.254965
-0.10195 -0.234382
-0.0146949 -0.153326
0.000240449 -0.131138
0.00747248 -0.124989
0.0587229 -0.0848494
0.0733491 -0.0651633
0.0845643 -0.0542331
0.115318 -0.0262904
0.120127 -0.0167307
0.126444 -0.0129445
0.118214 -0.0199964
0.123988 -0.0172955
0.135083 -0.0126044
0.113909 -0.0166074
0.0783951 -0.051373
0.0575722 -0.0529521
0.022672 -0.0837583
-0.0149848 -0.0995374
-0.0689259 -0.12942
-0.126108 -0.193247
-0.132675 -0.175531
-0.193959 -0.237094
-0.226183 -0.243948
-0.230436 -0.243953
-0.361839 -0.349451
-0.41905 -0.410729
-0.724521 -0.609315
-0.733166 -0.611152
-0.80403 -0.655168
-0.875275 -0.667163
-0.871277 -0.686815
-0.887027 -0.672841
-0.862247 -0.694684
-0.877192 -0.662672
-0.891808 -0.691107
-0.851509 -0.650207
-0.858265 -0.654605
-0.854913 -0.652538
-0.780782 -0.624751
-0.786275 -0.641337
-0.718564 -0.612995
-0.734437 -0.610187
-0.646361 -0.576157
-0.590174 -0.544325
-0.594922 -0.540901
-0.527185 -0.50645
-0.536406 -0.512462
-0.540965 -0.517529
-0.372531 -0.405855
-0.376588 -0.409353
-0.384651 -0.401272
-0.328581 -0.363305
-0.292444 -0.324232
-0.303899 -0.330306
-0.261037 -0.304724
-0.268513 -0.31063
-0.224092 -0.258092
-0.227761 -0.264955
-0.235094 -0.265046
-0.198608 -0.231758
-0.19849 -0.238749
-0.205723 -0.243893
-0.178951 -0.243232
-0.186138 -0.220761
-0.167596 -0.194608
-0.171186 -0.204744
-0.157113 -0.179484
-0.157305 -0.186046
-0.167938 -0.197074
-0.148154 -0.156261
-0.157 -0.154894
-0.160746 -0.159406
-0.165053 -0.159021
-0.168985 -0.164803
-0.176428 -0.16027
-0.188264 -0.178178
-0.202574 -0.181752
-0.244965 -0.20964
-0.314533 -0.265966
-0.461278 -0.392928
-0.518093 -0.438069
-0.5561 -0.465219
-0.579959 -0.482655
-0.634139 -0.52383
-0.659956 -0.539966
-0.682318 -0.546851
-0.671769 -0.545233
-0.676788 -0.543405
-0.682301 -0.553051
-0.663553 -0.538113
-0.611155 -0.513691
-0.620897 -0.531244
-0.607165 -0.531646
-0.517691 -0.526863
-0.520006 -0.478751
-0.445009 -0.438364
-0.443063 -0.449542
-0.332217 -0.368673
-0.328925 -0.376095
-0.265966 -0.326047
-0.0274171 -0.161191
-0.0195619 -0.1473
0.0903317 -0.0689581
0.166169 -0.0214075
0.214438 0.00210142
0.225506 0.0180322
0.287246 0.0482488
0.295284 0.0734996
0.283897 0.0867655
0.307433 0.0823058
0.310621 0.121785
0.281832 0.121222
0.288517 0.125457
0.295119 0.12959
0.262545 0.126212
0.209588 0.143825
0.185076 0.0956143
0.110176 0.0445611
0.115541 0.038841
-0.201313 -0.241813
-0.197193 -0.233044
-0.306377 -0.34508
-0.337756 -0.389943
-0.392745 -0.434715
-0.409702 -0.452955
-0.406191 -0.448129
-0.417242 -0.460094
-0.426965 -0.482054
-0.43182 -0.480694
-0.411283 -0.470304
-0.422158 -0.488969
-0.403586 -0.475344
-0.399972 -0.456236
-0.390369 -0.452952
-0.382916 -0.449787
-0.373759 -0.443928
-0.362167 -0.433556
-0.327406 -0.40551
-0.319014 -0.386635
-0.244486 -0.320117
-0.18968 -0.274517
-0.184633 -0.269989
-0.17438 -0.252274
-0.124616 -0.200565
-0.11413 -0.195028
-0.102888 -0.186894
-0.082075 -0.16896
-0.037854 -0.123466
0.00489074 -0.0810973
0.0340075 -0.0594774
0.0479288 -0.0484702
0.105889 0.00206827
0.120261 0.0130443
0.116603 0.0246987
0.117523 0.00278458
0.100269 -0.00577823
0.105827 -0.0127046
0.0768287 -0.0285352
0.0431933 -0.0530269
0.0550715 -0.0508073
0.0118792 -0.0748381
-0.0322364 -0.107289
-0.0306374 -0.0990769
-0.0282885 -0.105877
-0.0849858 -0.132819
-0.289651 -0.305658
-0.302159 -0.307815
-0.354161 -0.348986
-0.359167 -0.33916
-0.430887 -0.396316
-0.450152 -0.41943
-0.554829 -0.472135
-0.562711 -0.472717
-0.570697 -0.492808
-0.628503 -0.526578
-0.636846 -0.542062
-0.69847 -0.571633
-0.707033 -0.587032
-0.757861 -0.605987
-0.825688 -0.675174
-0.870714 -0.657516
-0.880545 -0.677417
-0.899104 -0.681208
-0.8708 -0.674863
-0.891595 -0.675771
-0.862229 -0.648777
-0.875351 -0.655632
-0.784619 -0.617835
-0.702636 -0.614587
-0.7085 -0.590372
-0.720028 -0.586281
-0.614208 -0.532183
-0.564257 -0.544356
-0.578957 -0.523774
-0.515504 -0.51623
-0.520185 -0.478169
-0.524827 -0.49127
-0.41471 -0.410547
-0.418956 -0.410299
-0.32812 -0.292313
-0.290978 -0.24419
-0.298543 -0.261091
-0.218953 -0.18191
-0.222581 -0.187941
-0.192759 -0.190146
-0.196341 -0.160474
-0.184965 -0.148333
-0.174149 -0.152242
-0.136265 -0.130523
-0.147034 -0.11889
-0.155101 -0.117624
-0.160444 -0.131068
-0.214259 -0.156218
-0.22955 -0.168203
-0.238219 -0.179636
-0.312257 -0.239227
-0.317021 -0.238234
-0.321836 -0.246862
-0.40205 -0.317926
-0.407484 -0.327098
-0.418524 -0.334225
-0.448781 -0.360178
-0.454606 -0.370885
-0.466766 -0.373413
-0.486487 -0.394968
-0.492601 -0.398301
-0.498775 -0.409863
-0.516838 -0.421042
-0.523241 -0.422115
-0.534872 -0.430247
-0.54144 -0.439514
-0.569403 -0.462418
-0.59008 -0.473461
-0.610975 -0.488474
-0.648257 -0.515814
-0.683885 -0.535826
-0.65839 -0.521094
-0.664436 -0.53032
-0.670347 -0.531111
-0.656181 -0.531375
-0.619977 -0.532429
-0.559484 -0.497104
-0.328587 -0.361397
-0.169143 -0.234805
0.0261973 -0.0912876
0.104594 -0.0420721
0.165245 -0.0104601
0.293786 0.0527616
0.306345 0.0779973
0.331004 0.115033
0.350014 0.133866
0.339448 0.14605
0.346132 0.150772
0.302381 0.177152
0.0694607 0.024208
0.00233786 -0.0330862
-0.0892136 -0.116538
-0.084813 -0.104603
-0.15239 -0.187307
-0.191771 -0.213817
-0.23458 -0.257279
-0.271387 -0.316798
-0.318371 -0.339916
-0.314648 -0.340046
-0.357191 -0.396836
-0.353558 -0.377313
-0.38144 -0.417886
-0.377868 -0.408437
-0.391629 -0.418923
-0.404498 -0.448443
-0.424113 -0.474317
-0.421146 -0.465003
-0.423455 -0.470149
-0.419917 -0.463217
-0.412786 -0.469953
-0.40744 -0.459209
-0.396893 -0.452085
-0.366185 -0.423831
-0.35087 -0.414174
-0.346822 -0.404881
-0.342738 -0.405035
-0.318681 -0.387921
-0.305722 -0.374387
-0.27514 -0.347234
-0.242776 -0.313642
-0.194976 -0.270095
-0.0813701 -0.151463
-0.0753747 -0.148771
-0.0508805 -0.127655
-0.0087764 -0.0867569
0.0303736 -0.0456458
0.0438329 -0.0351971
0.0463999 -0.036937
0.0876593 -0.000805265
0.1361 0.0346103
0.142265 0.0373071
0.149293 0.0333108
0.130988 0.0330994
0.15008 0.0403158
0.0121575 -0.0640551
-0.031875 -0.0881286
-0.293882 -0.290043
-0.361041 -0.331531
-0.366455 -0.330775
-0.523694 -0.458342
-0.574401 -0.486516
-0.582372 -0.486495
-0.636512 -0.532206
-0.661691 -0.553267
-0.706477 -0.574289
-0.883207 -0.661504
-0.874259 -0.683498
-0.903518 -0.679122
-0.896669 -0.677711
-0.871689 -0.650842
-0.785739 -0.643527
-0.810261 -0.638001
-0.705336 -0.614469
-0.711131 -0.58603
-0.722535 -0.590176
-0.656494 -0.594232
-0.569352 -0.505277
-0.579007 -0.514138
-0.51771 -0.478173
-0.456242 -0.470874
-0.44261 -0.429498
-0.304478 -0.311996
-0.265748 -0.26973
-0.233136 -0.241785
-0.227711 -0.237125
-0.231388 -0.237657
-0.147712 -0.137537
-0.151225 -0.143591
-0.143541 -0.125762
-0.14444 -0.123541
-0.160332 -0.115668
-0.186232 -0.138124
-0.199416 -0.147749
-0.208797 -0.159139
-0.234243 -0.169417
-0.238462 -0.17487
-0.24272 -0.17999
-0.265015 -0.194214
-0.273813 -0.208179
-0.278276 -0.210138
-0.289193 -0.221783
-0.293732 -0.218435
-0.307625 -0.237868
-0.404038 -0.318298
-0.420468 -0.33767
-0.465663 -0.374879
-0.477583 -0.389684
-0.498946 -0.401959
-0.531168 -0.429396
-0.617223 -0.502777
-0.631698 -0.505372
-0.653753 -0.517299
-0.664927 -0.526544
-0.696563 -0.543481
-0.691936 -0.544525
-0.69904 -0.547412
-0.674905 -0.530007
-0.681696 -0.534712
-0.664817 -0.532299
-0.670481 -0.527621
-0.642118 -0.514122
-0.64725 -0.521774
-0.627665 -0.514417
-0.543705 -0.472574
-0.54518 -0.481711
-0.546371 -0.472411
-0.497719 -0.453618
-0.387254 -0.389878
-0.38193 -0.379006
-0.205268 -0.278947
-0.14224 -0.219178
-0.128693 -0.224282
-0.0664877 -0.170177
0.000500135 -0.114432
0.203298 0.0101811
0.220405 0.0157538
0.267529 0.0356814
0.27588 0.0566484
0.329599 0.140982
0.309786 0.138846
0.302315 0.148516
0.308852 0.153571
0.315313 0.188286
0.213023 0.131869
0.219292 0.122625
0.231609 0.138765
0.13454 0.0716252
0.0983661 0.0546817
-0.111329 -0.143631
-0.279287 -0.307923
-0.333342 -0.374466
-0.378036 -0.404577
-0.417572 -0.451682
-0.407019 -0.449935
-0.432902 -0.475671
-0.42942 -0.458029
-0.42593 -0.451906
-0.428264 -0.463225
-0.434225 -0.472944
-0.423369 -0.466104
-0.389361 -0.438765
-0.372463 -0.451599
-0.617445 -0.481378
-0.630915 -0.504226
-0.648463 -0.525017
-0.671141 -0.543908
-0.70063 -0.576251
-0.705985 -0.581918
-0.699287 -0.574027
-0.704666 -0.580817
-0.701781 -0.590894
-0.707188 -0.585071
-0.712601 -0.585007
-0.718392 -0.593495
-0.635748 -0.554854
-0.610929 -0.531195
-0.616426 -0.53772
-0.573088 -0.506783
-0.527449 -0.466857
-0.470779 -0.433916
-0.476228 -0.434724
-0.439668 -0.412022
-0.404957 -0.374408
-0.41038 -0.3824
-0.41581 -0.372592
-0.265197 -0.256518
-0.272873 -0.261967
-0.235179 -0.238303
-0.20114 -0.23662
-0.171162 -0.178039
-0.174077 -0.184378
-0.0767559 -0.086478
-0.0661899 -0.0650593
-0.0560876 -0.0618481
-0.0508939 -0.052452
-0.0596531 -0.0471408
-0.0576045 -0.046427
-0.0615073 -0.0418411
-0.08978 -0.063634
-0.0974373 -0.072951
-0.114629 -0.0814237
-0.105464 -0.0850599
-0.114218 -0.0847132
-0.109863 -0.0830611
-0.150093 -0.0930745
-0.136649 -0.109839
-0.130349 -0.111749
-0.123999 -0.111956
-0.127365 -0.119506
-0.133067 -0.108823
-0.142019 -0.12258
-0.139626 -0.121988
-0.122933 -0.117799
-0.112684 -0.112219
-0.0976633 -0.0935233
-0.0927104 -0.0831477
-0.0892191 -0.0904928
-0.073064 -0.0734567
-0.0864089 -0.0831073
-0.0812341 -0.0726573
-0.070959 -0.0704087
-0.0881093 -0.0880039
-0.0641598 -0.0533306
-0.101557 -0.0893048
-0.120605 -0.0893016
-0.122811 -0.102179
-0.133592 -0.115442
-0.253635 -0.168458
-0.273916 -0.17679
-0.273491 -0.197121
-0.362368 -0.316262
-0.3781 -0.338175
-0.377958 -0.333713
-0.402742 -0.373046
-0.410016 -0.384537
-0.409813 -0.40287
-0.401822 -0.397678
-0.395516 -0.393927
-0.388433 -0.386393
-0.357419 -0.363056
-0.336182 -0.343256
-0.323559 -0.337841
-0.299367 -0.305855
-0.286507 -0.299899
-0.286776 -0.286716
-0.265671 -0.26885
-0.246998 -0.247734
-0.238521 -0.237671
-0.230855 -0.226969
-0.225881 -0.222118
-0.222092 -0.217137
-0.222115 -0.217191
-0.219521 -0.21349
-0.217924 -0.210823
-0.21794 -0.210852
-0.217705 -0.209712
-0.221432 -0.212638
-0.226984 -0.217183
-0.231012 -0.221468
-0.235869 -0.22613
-0.235902 -0.228266
-0.240133 -0.232764
-0.150651 -0.210398
-0.136781 -0.200269
-0.126632 -0.180764
-0.122774 -0.174833
-0.112397 -0.16931
-0.0986774 -0.155843
-0.0933572 -0.149819
-0.0651831 -0.110591
-0.0427316 -0.0883103
-0.0270451 -0.0737953
-0.0159971 -0.0659657
-0.00853905 -0.0458795
0.00235847 -0.0431699
-0.0203499 -0.0407293
-0.010925 -0.050194
-0.0246794 -0.0582838
-0.00938989 -0.0543824
-0.0324531 -0.072689
-0.0378876 -0.0763829
-0.0225483 -0.0479031
-0.0179605 -0.0440696
-0.0134123 -0.0579839
-0.0626491 -0.0897514
-0.058275 -0.0891785
-0.0757708 -0.10155
-0.0716003 -0.0945487
-0.0938192 -0.117292
-0.134578 -0.145466
-0.161717 -0.159812
-0.158628 -0.182445
-0.169182 -0.183924
-0.211778 -0.231699
-0.236161 -0.248654
-0.266465 -0.288387
-0.283107 -0.296966
-0.282072 -0.293087
-0.281109 -0.288205
-0.30091 -0.309036
-0.300338 -0.309078
-0.323639 -0.342617
-0.342006 -0.34947
-0.345975 -0.348554
-0.380082 -0.390493
-0.410652 -0.418233
-0.424205 -0.437955
-0.424797 -0.430081
-0.426824 -0.435305
-0.452729 -0.453831
-0.469703 -0.471266
-0.482107 -0.483163
-0.482308 -0.482492
-0.489836 -0.485978
-0.517622 -0.502161
-0.517698 -0.506385
-0.580902 -0.53682
-0.568056 -0.532188
-0.565864 -0.536078
-0.578674 -0.542089
-0.568301 -0.533558
-0.573782 -0.540175
-0.5599 -0.531397
-0.570881 -0.531922
-0.537465 -0.522185
-0.51668 -0.504882
-0.484144 -0.478099
-0.476302 -0.475094
-0.440867 -0.464781
-0.446336 -0.446278
-0.446692 -0.455506
-0.462776 -0.465372
-0.440612 -0.448114
-0.430415 -0.438058
-0.40705 -0.418558
-0.398288 -0.401515
-0.410564 -0.419274
-0.419164 -0.432161
-0.430138 -0.431725
-0.411433 -0.420152
-0.423171 -0.42798
-0.419515 -0.423058
-0.396318 -0.41195
-0.407188 -0.406034
-0.428523 -0.420833
-0.431597 -0.417233
-0.434034 -0.421087
-0.444899 -0.421012
-0.466381 -0.435545
-0.466879 -0.428039
-0.480639 -0.445363
-0.491929 -0.461341
-0.489996 -0.448197
-0.442101 -0.429241
-0.444921 -0.439408
-0.447679 -0.445921
-0.453006 -0.447904
-0.430835 -0.444751
-0.412372 -0.408193
-0.41652 -0.422093
-0.343759 -0.354945
-0.345505 -0.354841
-0.272286 -0.278345
-0.229387 -0.237562
-0.228277 -0.240763
-0.203892 -0.210875
-0.20232 -0.214174
-0.198963 -0.205289
-0.173601 -0.18317
-0.138992 -0.13859
-0.116393 -0.114032
-0.104389 -0.107766
-0.0887729 -0.0897064
-0.0853492 -0.0849583
-0.0816927 -0.0772407
-0.069315 -0.0629107
-0.0387471 -0.0185922
-0.0181776 -0.00285706
-0.0306652 -0.0121804
-0.0201325 -0.00368791
-0.0380662 -0.0180757
-0.021838 -0.00498164
-0.0243919 -0.00722214
-0.00762328 0.00700049
-0.0197594 0.000978715
-0.0159834 -0.000859147
-0.010328 0.0092231
-0.015915 0.00142232
-0.0102943 -0.00770141
-0.0534852 -0.0355338
-0.0480682 -0.033732
-0.0627927 -0.0503328
-0.0521827 -0.0378337
-0.0753527 -0.0667475
-0.12091 -0.0772142
-0.116582 -0.102079
-0.112298 -0.0926132
-0.10806 -0.0861132
-0.194752 -0.144244
-0.209767 -0.167512
-0.206651 -0.189487
-0.203594 -0.179544
-0.302189 -0.210785
-0.301458 -0.206105
-0.329901 -0.242432
-0.329695 -0.242504
-0.359611 -0.276926
-0.380593 -0.311212
-0.40019 -0.338164
-0.400086 -0.338245
-0.444739 -0.4163
-0.452836 -0.422582
-0.458182 -0.433031
-0.463994 -0.443119
-0.459164 -0.445426
-0.452076 -0.441403
-0.443218 -0.433069
-0.419668 -0.4154
-0.368537 -0.369324
-0.35342 -0.35499
-0.337168 -0.331888
-0.286885 -0.28466
-0.271224 -0.269027
-0.249277 -0.245256
-0.24933 -0.239825
-0.228162 -0.227367
-0.228273 -0.220236
-0.203947 -0.187918
-0.198201 -0.180528
-0.197791 -0.178386
-0.198733 -0.178253
-0.206043 -0.184418
-0.219189 -0.19725
-0.227261 -0.206306
-0.246615 -0.226667
-0.26645 -0.247587
-0.168692 -0.227539
-0.140797 -0.188545
-0.121428 -0.170468
-0.099714 -0.148895
-0.0755437 -0.124421
-0.0659718 -0.105722
-0.0634213 -0.10649
-0.0288574 -0.0648489
-0.0197814 -0.0464823
-0.0395594 -0.0592365
-0.0405944 -0.0543114
-0.06883 -0.0893867
-0.0609268 -0.0747283
-0.115439 -0.120935
-0.138083 -0.148019
-0.170515 -0.150912
-0.207559 -0.220384
-0.255253 -0.262414
-0.352644 -0.357778
-0.376245 -0.378565
-0.397635 -0.410124
-0.429517 -0.438381
-0.431977 -0.432451
-0.446976 -0.446464
-0.460485 -0.460467
-0.46636 -0.468205
-0.480014 -0.474403
-0.475616 -0.471148
-0.502147 -0.490607
-0.508653 -0.499076
-0.510063 -0.500801
-0.524339 -0.507519
-0.512305 -0.500194
-0.51284 -0.508876
-0.558726 -0.508978
-0.55675 -0.517085
-0.559542 -0.520185
-0.570434 -0.534116
-0.552188 -0.534304
-0.556368 -0.526122
-0.567339 -0.53038
-0.572834 -0.530118
-0.54749 -0.517693
-0.552988 -0.516805
-0.524654 -0.503679
-0.461071 -0.455916
-0.477533 -0.470606
-0.460685 -0.452735
-0.430423 -0.427059
-0.419307 -0.417728
-0.405298 -0.42882
-0.414218 -0.411623
-0.405318 -0.40266
-0.410771 -0.414018
-0.416616 -0.411865
-0.407971 -0.394709
-0.393533 -0.370657
-0.409805 -0.395691
-0.428348 -0.406942
-0.440727 -0.418938
-0.449695 -0.41647
-0.477301 -0.446805
-0.447584 -0.44166
-0.455317 -0.430828
-0.462473 -0.442429
-0.467915 -0.42616
-0.485382 -0.442353
-0.505534 -0.460587
-0.497514 -0.447731
-0.508469 -0.461801
-0.498081 -0.444017
-0.48293 -0.461042
-0.464589 -0.443687
-0.45076 -0.435284
-0.435553 -0.442401
-0.437901 -0.424433
-0.442399 -0.436779
-0.423984 -0.41989
-0.40217 -0.395126
-0.403776 -0.400009
-0.406781 -0.399656
-0.381724 -0.378726
-0.360232 -0.357749
-0.334336 -0.345649
-0.288994 -0.296085
-0.288058 -0.30174
-0.144565 -0.143811
-0.139324 -0.135078
-0.123208 -0.118379
-0.120333 -0.118124
-0.117394 -0.112722
-0.0977822 -0.0912753
-0.0875205 -0.0769241
-0.0714794 -0.0524331
-0.0597393 -0.0452347
-0.0479295 -0.0273449
-0.0271924 0.0002701
-0.0175889 0.00222539
-0.0279121 0.00125547
-0.0229265 0.00164697
-0.0274092 0.000865881
-0.0169833 0.00883182
-0.0128568 0.0131336
-0.022336 0.00927988
-0.00600849 0.0165765
-0.03728 -0.00704532
-0.0317812 -0.00358632
-0.0185263 0.0078507
-0.0322202 -0.000773126
-0.0153125 0.0147009
-0.0335551 -0.00762845
-0.0325689 -0.00831995
-0.0212547 0.00227335
-0.0517612 -0.0242573
-0.0877871 -0.0589285
-0.140609 -0.0848333
-0.146643 -0.117343
-0.150089 -0.129673
-0.218332 -0.166251
-0.303984 -0.203216
-0.328873 -0.230746
-0.401562 -0.334012
-0.401446 -0.327502
-0.401216 -0.327563
-0.418748 -0.359546
-0.418665 -0.352997
-0.418582 -0.353078
-0.432996 -0.374229
-0.447283 -0.395193
-0.460164 -0.420577
-0.463137 -0.418847
-0.463153 -0.425772
-0.463185 -0.421927
-0.467108 -0.427044
-0.46718 -0.430822
-0.467216 -0.430851
-0.452479 -0.43065
-0.452613 -0.426764
-0.452679 -0.426782
-0.44638 -0.423976
-0.426892 -0.416495
-0.414738 -0.401328
-0.375477 -0.366723
-0.375665 -0.361251
-0.361909 -0.347283
-0.346879 -0.338764
-0.305828 -0.295732
-0.305904 -0.291233
-0.292627 -0.283132
-0.280267 -0.267477
-0.267674 -0.254792
-0.249769 -0.234971
-0.240659 -0.230693
-0.226757 -0.206642
-0.22105 -0.199035
-0.216831 -0.192123
-0.214435 -0.189187
-0.21444 -0.189259
-0.228936 -0.200293
-0.228932 -0.199974
-0.235018 -0.206107
-0.24905 -0.221602
-0.256644 -0.229928
-0.265135 -0.233291
-0.196134 -0.240169
-0.186657 -0.234144
-0.174413 -0.223134
-0.134461 -0.178252
-0.129161 -0.174784
-0.125882 -0.167181
-0.0929725 -0.115674
-0.0764598 -0.111063
-0.0619882 -0.0889479
-0.0374005 -0.0611153
-0.0362179 -0.0592401
-0.0200758 -0.044669
-0.0149264 -0.0446525
-0.0141377 -0.0360897
-0.0221725 -0.0371081
-0.0370131 -0.0568537
-0.0322525 -0.0446629
-0.0422817 -0.0579904
-0.082458 -0.0946827
-0.0785761 -0.0827191
-0.100136 -0.10638
-0.175964 -0.178471
-0.200727 -0.21006
-0.223055 -0.19618
-0.220835 -0.224496
-0.216594 -0.212867
-0.241494 -0.237502
-0.276336 -0.27538
-0.336948 -0.330423
-0.359602 -0.36015
-0.384706 -0.385871
-0.414788 -0.40588
-0.458376 -0.454564
-0.468846 -0.4536
-0.487818 -0.469422
-0.49399 -0.473066
-0.504913 -0.483637
-0.50814 -0.493229
-0.512133 -0.491412
-0.569848 -0.508913
-0.581731 -0.520265
-0.574044 -0.518185
-0.562384 -0.518945
-0.567795 -0.518122
-0.552613 -0.510143
-0.563508 -0.516335
-0.557683 -0.520294
-0.542566 -0.510907
-0.212917 -0.23303
-0.181094 -0.194603
-0.145755 -0.168738
-0.145771 -0.154504
-0.111742 -0.129184
-0.111715 -0.124881
-0.0996093 -0.117475
-0.0271763 -0.0407926
-0.0111016 -0.023617
0.00202871 -0.020225
0.00241961 -0.00860294
-0.00435282 0.00104132
-0.00418279 0.00884604
-0.0040131 0.003566
-0.0136675 0.0032753
-0.013492 0.00229713
-0.0266469 -0.00747555
-0.0441833 -0.0203596
-0.0654139 -0.0371795
-0.0648925 -0.0444723
-0.0884593 -0.0586585
-0.114893 -0.0845632
-0.144904 -0.116003
-0.172466 -0.147498
-0.172336 -0.145381
-0.172206 -0.145381
-0.20465 -0.184699
-0.204426 -0.181373
-0.255564 -0.238869
-0.255384 -0.237403
-0.28399 -0.274053
-0.283846 -0.270495
-0.283774 -0.283194
-0.310999 -0.305809
-0.336273 -0.332065
-0.402871 -0.41264
-0.448303 -0.465664
-0.448385 -0.462016
-0.448467 -0.462016
-0.459213 -0.477213
-0.459436 -0.479693
-0.460982 -0.480577
-0.460192 -0.481589
-0.460323 -0.481589
-0.4575 -0.483429
-0.452025 -0.479655
-0.434266 -0.464098
-0.413779 -0.447537
-0.413924 -0.44718
-0.401677 -0.427899
-0.375349 -0.411945
-0.375486 -0.412947
-0.361925 -0.399604
-0.46632 -0.41023
-0.492947 -0.432754
-0.487286 -0.43566
-0.489522 -0.450643
-0.51586 -0.464802
-0.523851 -0.47182
-0.511722 -0.464356
-0.517066 -0.471604
-0.527772 -0.486072
-0.533135 -0.479373
-0.513377 -0.469002
-0.531429 -0.485857
-0.524136 -0.48777
-0.546327 -0.504414
-0.527733 -0.504861
-0.533167 -0.493175
-0.540027 -0.503637
-0.529346 -0.499358
-0.52278 -0.493161
-0.508168 -0.482147
-0.524565 -0.483969
-0.474882 -0.445737
-0.441866 -0.444494
-0.444091 -0.421036
-0.415608 -0.421818
-0.421004 -0.397562
-0.431815 -0.412085
-0.431612 -0.411267
-0.421505 -0.399969
-0.42691 -0.407405
-0.412374 -0.405748
-0.417767 -0.39016
-0.425726 -0.404881
-0.431133 -0.399012
-0.408619 -0.375336
-0.424783 -0.399422
-0.430637 -0.391777
-0.422554 -0.405216
-0.444119 -0.401226
-0.425163 -0.376514
-0.466185 -0.420636
-0.459553 -0.399988
-0.475746 -0.420075
-0.331453 -0.363842
-0.331712 -0.368134
-0.310244 -0.335781
-0.251986 -0.255079
-0.252126 -0.248893
-0.222011 -0.210047
-0.207278 -0.187337
-0.185661 -0.150758
-0.177285 -0.128798
-0.175034 -0.120525
-0.176162 -0.117117
-0.187429 -0.121967
-0.187338 -0.124004
-0.192517 -0.123112
-0.205759 -0.130078
-0.205695 -0.130078
-0.224024 -0.14458
-0.241291 -0.15999
-0.241082 -0.163554
-0.258577 -0.171864
-0.276543 -0.189239
-0.2934 -0.213199
-0.301231 -0.222236
-0.313295 -0.23545
-0.334369 -0.261339
-0.334338 -0.261339
-0.343153 -0.274704
-0.34325 -0.274549
-0.342509 -0.275409
-0.342482 -0.275266
-0.342469 -0.275266
-0.334872 -0.26843
-0.331016 -0.264914
-0.153679 -0.167528
-0.104489 -0.108639
-0.0752342 -0.0715119
-0.0699619 -0.0605382
-0.053039 -0.041207
-0.0184727 -0.0104644
-0.00285517 0.0143099
0.00788846 0.0232976
0.0193026 0.0369381
0.0341651 0.0469481
0.0450485 0.0558028
0.0312979 0.0471836
0.0421975 0.0573627
0.0452625 0.0639729
0.0123344 0.0420001
0.0232776 0.0459831
0.0145256 0.0343665
0.00493814 0.0296184
-0.01765 0.00903443
-0.033124 -0.00747952
-0.0479941 -0.0220271
-0.0314522 -0.00704663
-0.0411375 -0.0259349
-0.0712544 -0.0491106
-0.0657509 -0.0473716
-0.0547239 -0.0437213
-0.106173 -0.0862485
-0.095196 -0.0727944
-0.150817 -0.142408
-0.128989 -0.122486
-0.163401 -0.159853
-0.157964 -0.144865
-0.152481 -0.131394
-0.141556 -0.123505
-0.194194 -0.19481
-0.177919 -0.16895
-0.22458 -0.236046
-0.214137 -0.218396
-0.227953 -0.256082
-0.197882 -0.215757
-0.325897 -0.275831
-0.352287 -0.314816
-0.368234 -0.343226
-0.377541 -0.344043
-0.377391 -0.35268
-0.397336 -0.386986
-0.400825 -0.392773
-0.393559 -0.389258
-0.390773 -0.394706
-0.352443 -0.367397
-0.326783 -0.343986
-0.31761 -0.334522
-0.317656 -0.335237
-0.299284 -0.315426
-0.291363 -0.307188
-0.2914 -0.308128
-0.257298 -0.270374
-0.250319 -0.260875
-0.258056 -0.266027
-0.260939 -0.268843
-0.264188 -0.272113
-0.266873 -0.274936
-0.400088 -0.315733
-0.432479 -0.365309
-0.461174 -0.386333
-0.508698 -0.447455
-0.519205 -0.456621
-0.584541 -0.521018
-0.609271 -0.54529
-0.629836 -0.556961
-0.624621 -0.553472
-0.635555 -0.561222
-0.636531 -0.564766
-0.628272 -0.557468
-0.599976 -0.544256
-0.605472 -0.543293
-0.582128 -0.529693
-0.587637 -0.535779
-0.593153 -0.536799
-0.573542 -0.530643
-0.517878 -0.527108
-0.505452 -0.475794
-0.510932 -0.483799
-0.481915 -0.484271
-0.459641 -0.44316
-0.465103 -0.436048
-0.44515 -0.430903
-0.450603 -0.437412
-0.434781 -0.417472
-0.440236 -0.428015
-0.411863 -0.398599
-0.407025 -0.390996
-0.412452 -0.399391
-0.417886 -0.407909
-0.400873 -0.3829
-0.392694 -0.372713
-0.393899 -0.37192
-0.390162 -0.354661
-0.394019 -0.352952
-0.417929 -0.367639
-0.428654 -0.369781
-0.320022 -0.362275
-0.306519 -0.363008
-0.307238 -0.356881
-0.291358 -0.343079
-0.29178 -0.315726
-0.276161 -0.312435
-0.266989 -0.289461
-0.267148 -0.267652
-0.235676 -0.245936
-0.235887 -0.228155
-0.236098 -0.228155
-0.227858 -0.224395
-0.228034 -0.213821
-0.228123 -0.213821
-0.217248 -0.195393
-0.206963 -0.177209
-0.202439 -0.175179
-0.199874 -0.157822
-0.1999 -0.152407
-0.199883 -0.148026
-0.199865 -0.148866
-0.20185 -0.144462
-0.201811 -0.14506
-0.201791 -0.147045
-0.206399 -0.145568
-0.226755 -0.157836
-0.226673 -0.160786
-0.233464 -0.162252
-0.24043 -0.16742
-0.240383 -0.16742
-0.240335 -0.16742
-0.263146 -0.187313
-0.262998 -0.190579
-0.269936 -0.193827
-0.276752 -0.197001
-0.276704 -0.200988
-0.276607 -0.200391
-0.295527 -0.219698
-0.305985 -0.237141
-0.314987 -0.24241
-0.314952 -0.241789
-0.314882 -0.24465
-0.320856 -0.248496
-0.325819 -0.253042
-0.32571 -0.254789
-0.327295 -0.257322
-0.327219 -0.256996
-0.328468 -0.259181
-0.328435 -0.258959
-0.328349 -0.259448
-0.327233 -0.259219
-0.327194 -0.259201
-0.325866 -0.257462
-0.324207 -0.256591
-0.319233 -0.251904
-0.316324 -0.248955
-0.203446 -0.239263
-0.193215 -0.217619
-0.169207 -0.192706
-0.129552 -0.134034
-0.114076 -0.119826
-0.0696816 -0.0600912
-0.0499578 -0.0431715
-0.0340325 -0.0258108
-0.0287107 -0.0135358
-0.0113485 -0.00130899
-0.00226847 0.00903208
0.00883617 0.0262083
0.0179252 0.0361114
0.0233342 0.0377519
0.0146963 0.030057
0.0201198 0.0353981
0.0219843 0.0533024
0.0154547 0.0388506
0.0372958 0.058204
0.0258974 0.0482542
0.0313749 0.0481638
0.0281151 0.0463035
0.0336275 0.0512129
0.0142329 0.0351861
0.0307834 0.0491199
0.0153166 0.0346335
-0.0424431 -0.0212205
-0.091141 -0.0765425
-0.0746726 -0.0636734
-0.187723 -0.189248
-0.197252 -0.204118
-0.206385 -0.222033
-0.189242 -0.21619
-0.19351 -0.230639
-0.294963 -0.225914
-0.352341 -0.320866
-0.373922 -0.358328
-0.38311 -0.380847
-0.38311 -0.380847
-0.380398 -0.381379
-0.380419 -0.381402
-0.366694 -0.378041
-0.36677 -0.371645
-0.361236 -0.368417
-0.348033 -0.359016
-0.332377 -0.345558
-0.325574 -0.339675
-0.30531 -0.320689
-0.286992 -0.301961
-0.281748 -0.296998
-0.27235 -0.285924
-0.272424 -0.286584
-0.272449 -0.283516
-0.266072 -0.279632
-0.260859 -0.273242
-0.258122 -0.269365
-0.25744 -0.267998
-0.257452 -0.26819
-0.257477 -0.268219
-0.257624 -0.267952
-0.257635 -0.268381
-0.258623 -0.269138
-0.265419 -0.274867
-0.26543 -0.274867
-0.265442 -0.274867
-0.268561 -0.27812
-0.268574 -0.27812
-0.271851 -0.279654
-0.271865 -0.281937
-0.2756 -0.285528
-0.279831 -0.291939
-0.390231 -0.299474
-0.400454 -0.316281
-0.424873 -0.345061
-0.444303 -0.373673
-0.47419 -0.409399
-0.479401 -0.40945
-0.498147 -0.432021
-0.508634 -0.44598
-0.514945 -0.456771
-0.525474 -0.46273
-0.540453 -0.477896
-0.545748 -0.482696
-0.556358 -0.492863
-0.574533 -0.512779
-0.579873 -0.513279
-0.595071 -0.527831
-0.620162 -0.554966
-0.625587 -0.556622
-0.601913 -0.556636
-0.616452 -0.554201
-0.598675 -0.542115
-0.604159 -0.542167
-0.594787 -0.539238
-0.591464 -0.538122
-0.531531 -0.493849
-0.485797 -0.469639
-0.457011 -0.443393
-0.462464 -0.445705
-0.45304 -0.437655
-0.438561 -0.423662
-0.392085 -0.368593
-0.373572 -0.352377
-0.395136 -0.372266
-0.365931 -0.328786
-0.371288 -0.342078
-0.382741 -0.356486
-0.409373 -0.374489
-0.408716 -0.368037
-0.424882 -0.380041
-0.411115 -0.366343
-0.438446 -0.385305
-0.428635 -0.374784
-0.418927 -0.380007
-0.435009 -0.384357
-0.452075 -0.396497
-0.319091 -0.353829
-0.284459 -0.322181
-0.285042 -0.30685
-0.269904 -0.284221
-0.270074 -0.284221
-0.239239 -0.233904
-0.222644 -0.211182
-0.203434 -0.177887
-0.189552 -0.148974
-0.189583 -0.150906
-0.192303 -0.144933
-0.192912 -0.13562
-0.195631 -0.133426
-0.195596 -0.133972
-0.198772 -0.135296
-0.198728 -0.132502
-0.203202 -0.134105
-0.217642 -0.14457
-0.223764 -0.148738
-0.268461 -0.192501
-0.27583 -0.196726
-0.275649 -0.200259
-0.290585 -0.213017
-0.295374 -0.218082
-0.301193 -0.224463
-0.306847 -0.231141
-0.3068 -0.231141
-0.311824 -0.237865
-0.316579 -0.243826
-0.316499 -0.243075
-0.320141 -0.248134
-0.320031 -0.249021
-0.324021 -0.25685
-0.322064 -0.254828
-0.322041 -0.254828
-0.322017 -0.254828
-0.314623 -0.247376
-0.311607 -0.246452
-0.311556 -0.242294
-0.196777 -0.231316
-0.191655 -0.2154
-0.186528 -0.209775
-0.162647 -0.186278
-0.14345 -0.157757
-0.138265 -0.145652
-0.127873 -0.13533
-0.119244 -0.132851
-0.108809 -0.116069
-0.0911348 -0.0942525
-0.0858854 -0.0879031
-0.0164509 -0.00790292
-0.00689609 0.00301168
0.00383792 0.0192464
0.0359754 0.0520023
0.0461309 0.0570279
0.0434324 0.0576364
0.00941531 0.0259362
0.0259143 0.0410034
0.000691807 0.0195682
-0.0200353 -0.00365086
-0.00898972 0.00777949
-0.00345698 0.0127949
-0.0526217 -0.029672
-0.109546 -0.0908933
-0.104072 -0.0834214
-0.12572 -0.120688
0.606937 0.616147
0.580038 0.589601
0.584514 0.589785
0.55354 0.566871
0.555004 0.562619
0.556467 0.562614
0.529011 0.534369
0.492744 0.504187
0.494139 0.499353
0.446987 0.449828
0.407131 0.410841
0.360958 0.408982
0.316179 0.328159
0.00690708 0.0777241
0.00845626 0.0300787
0.00921471 0.0296211
-0.313794 -0.323942
-0.373094 -0.380684
-0.374006 -0.37245
-0.438282 -0.455016
-0.483713 -0.511424
-0.568792 -0.615906
-0.602858 -0.654381
-0.627812 -0.695628
-0.673119 -0.702426
-0.68203 -0.749513
-0.659221 -0.722087
-0.656188 -0.698975
-0.641256 -0.71487
-0.627706 -0.710693
-0.608045 -0.685778
-0.61322 -0.700296
-0.585702 -0.692814
-0.618934 -0.691576
-0.588442 -0.699865
-0.597023 -0.689952
-0.61443 -0.687894
-0.584021 -0.704744
-0.610903 -0.688413
-0.628147 -0.689689
-0.638371 -0.697911
-0.634469 -0.693641
-0.664539 -0.705181
-0.685087 -0.71976
-0.680975 -0.711411
-0.721549 -0.717055
-0.712371 -0.721781
-0.686248 -0.721809
-0.697892 -0.707112
-0.727956 -0.705533
-0.703289 -0.686169
-0.644777 -0.657118
-0.682012 -0.662959
-0.667036 -0.651927
-0.677307 -0.657613
-0.644289 -0.636127
-0.637788 -0.62568
-0.597061 -0.606356
-0.498782 -0.542495
-0.45773 -0.504079
-0.462007 -0.499484
-0.41005 -0.443426
-0.423591 -0.459142
-0.436734 -0.459821
-0.424598 -0.440077
-0.390296 -0.405793
-0.389175 -0.382989
-0.369457 -0.361626
-0.355275 -0.322784
-0.321376 -0.19212
-0.28287 -0.0902958
-0.281324 -0.0900666
-0.229958 -0.020356
-0.222162 0.00781484
-0.172834 0.0583327
-0.133068 0.0939966
-0.125088 0.0944681
-0.0611037 0.117207
0.000966263 0.164718
0.0325167 0.169422
0.192897 0.300336
0.378002 0.509738
0.397976 0.524413
0.576922 0.730588
0.735959 0.848525
0.716132 0.865953
0.763477 0.828137
0.786917 0.84458
0.805978 0.83791
0.840977 0.862349
0.909677 0.885993
0.92914 0.883829
0.948351 0.915598
0.92105 0.888532
0.917873 0.916293
0.968982 0.916907
0.937803 0.949829
0.969425 0.939921
0.92769 0.933816
0.884863 0.926012
0.897029 0.913802
0.858939 0.902525
0.869852 0.88808
0.690933 0.799003
0.699043 0.746574
0.722223 0.726037
0.713549 0.707648
0.720199 0.707196
0.55353 0.595403
0.498155 0.478083
0.423114 0.395277
0.427514 0.393779
0.280716 0.234376
0.286556 0.222726
0.192018 0.148952
0.126231 0.0846192
0.050503 0.0202251
-0.129617 -0.12726
-0.190655 -0.178008
-0.527884 -0.522381
-0.527554 -0.522379
-0.581047 -0.583471
-0.580797 -0.583471
-0.62649 -0.631579
-0.626314 -0.631583
-0.61474 -0.627151
-0.644471 -0.683484
-0.644228 -0.656555
-0.666833 -0.677026
-0.675163 -0.743295
-0.675204 -0.691417
-0.66491 -0.690413
-0.665233 -0.711981
-0.618893 -0.672411
-0.595983 -0.686033
-0.596508 -0.663521
-0.569769 -0.651704
-0.506865 -0.62411
-0.470381 -0.615324
-0.428144 -0.595122
-0.349023 -0.537052
-0.237625 -0.489593
-0.238647 -0.464467
-0.173493 -0.437818
-0.176003 -0.423237
-0.177328 -0.424994
-0.180124 -0.418914
-0.122607 -0.378374
-0.124359 -0.386793
-0.111029 -0.388813
-0.113392 -0.391761
-0.12507 -0.416696
-0.237018 -0.549833
-0.247503 -0.550662
-0.293364 -0.580071
-0.322722 -0.60352
-0.329707 -0.60208
-0.336784 -0.601666
-0.435812 -0.651587
-0.460674 -0.645143
-0.627276 -0.705598
-0.671034 -0.729348
-0.680487 -0.729693
-0.709286 -0.746438
-0.770388 -0.769382
-0.790751 -0.781677
-0.861975 -0.827528
-0.885735 -0.842594
-0.896734 -0.854496
-0.895291 -0.854981
-0.945583 -0.890672
-0.932458 -0.883215
-0.967052 -0.910335
-0.968618 -0.930411
-0.957818 -0.913084
-0.925368 -0.929395
-0.949258 -0.922107
-0.973183 -0.919445
-0.948716 -0.908266
-0.910525 -0.880362
-0.810241 -0.79345
-0.833379 -0.808654
-0.794979 -0.778472
-0.786096 -0.796046
-0.797432 -0.79234
-0.664635 -0.67841
-0.537534 -0.557364
-0.478922 -0.486299
-0.435479 -0.435149
-0.44443 -0.436063
-0.360034 -0.337259
-0.373557 -0.326223
-0.390161 -0.328881
-0.379558 -0.324984
-0.37215 -0.271515
-0.331788 -0.278871
-0.332254 -0.33141
-0.333393 -0.329213
-0.302175 -0.203707
-0.299041 -0.154237
-0.281306 -0.092921
-0.23648 -0.00805628
-0.193076 0.0607127
0.0988505 0.241763
0.113916 0.263133
0.161007 0.284062
0.206331 0.313025
0.223596 0.32062
0.249805 0.373575
0.314729 0.424902
0.377109 0.483833
0.739174 0.756893
0.810471 0.783742
0.847308 0.814735
0.882585 0.881292
0.914249 0.872387
0.950732 0.877567
0.942735 0.913626
0.8939 0.941385
0.941664 0.921263
0.952975 0.951723
0.902872 0.910515
0.915826 0.912826
0.867214 0.908194
0.83532 0.856552
0.754147 0.759805
0.6835 0.711258
0.6914 0.692126
0.706641 0.697983
0.652894 0.62901
0.481883 0.475519
0.360961 0.305181
0.259811 0.29549
0.269704 0.214839
0.188329 0.206303
0.121614 0.0791219
0.123967 0.0761718
0.128464 0.0770696
0.0508018 0.0115201
0.0527357 0.0123523
0.0564386 -0.00168717
-0.0326365 -0.0626228
-0.0310221 -0.0569579
-0.113028 -0.124597
-0.124158 -0.137314
-0.123065 -0.156286
-0.19719 -0.209083
-0.418757 -0.432761
-0.474202 -0.449565
-0.472644 -0.51407
-0.522835 -0.536229
-0.574027 -0.59418
-0.573802 -0.631813
-0.65229 -0.670687
-0.655941 -0.709676
-0.669365 -0.710314
-0.675641 -0.727933
-0.675751 -0.69729
-0.67845 -0.728875
-0.678694 -0.700134
-0.661722 -0.730522
-0.636536 -0.684538
-0.636934 -0.685115
-0.610638 -0.674642
-0.456836 -0.603924
-0.41281 -0.581263
-0.27394 -0.491825
-0.246748 -0.476866
-0.247519 -0.476905
-0.212565 -0.451263
-0.18544 -0.436443
-0.129132 -0.379834
-0.106299 -0.367861
-0.102568 -0.371253
-0.105849 -0.371814
-0.0885974 -0.36525
-0.0926634 -0.37797
-0.0950029 -0.384763
-0.0974006 -0.392438
-0.262311 -0.55353
-0.343306 -0.615295
-0.419878 -0.63223
-0.449839 -0.654932
-0.546811 -0.686902
-0.594783 -0.705865
-0.64477 -0.719136
-0.67708 -0.737978
-0.735231 -0.759357
-0.761113 -0.775956
-0.791197 -0.788
-0.81393 -0.802204
-0.852708 -0.827465
-0.874059 -0.837676
-0.904452 -0.871099
-0.919659 -0.900325
-0.943106 -0.915031
-0.909014 -0.893874
-0.944611 -0.921204
-0.90864 -0.90358
-0.893117 -0.884143
-0.913229 -0.907075
-0.937222 -0.937095
-0.949227 -0.939673
-0.839321 -0.902448
-0.863146 -0.858932
-0.875062 -0.868145
-0.825547 -0.828093
-0.782359 -0.828341
-0.709314 -0.733124
-0.625122 -0.705727
-0.639752 -0.697528
-0.579264 -0.612115
-0.374718 -0.448628
-0.354144 -0.413575
-0.380411 -0.365174
-0.356489 -0.338757
-0.340051 -0.330497
-0.343056 -0.342426
-0.337327 -0.357629
-0.345692 -0.336578
-0.354493 -0.324035
-0.356018 -0.302689
-0.347573 -0.25387
-0.334016 -0.19908
-0.314095 -0.0766209
-0.291731 -0.0205107
-0.287042 -0.0233619
-0.266678 0.0191137
-0.248985 0.0463399
-0.229618 0.0507922
-0.177329 0.0940048
-0.168906 0.0898655
-0.113956 0.141093
-0.0729891 0.136554
-0.0616358 0.156214
-0.0499589 0.173949
-0.0183082 0.17141
0.23276 0.34267
0.250849 0.344713
0.513475 0.579103
0.538179 0.613826
0.695031 0.736223
0.741912 0.737958
0.771309 0.748754
0.834341 0.814294
0.855486 0.812928
0.881431 0.819196
0.917303 0.849148
0.881338 0.884652
0.916732 0.887572
0.967873 0.906347
0.948056 0.947435
0.907324 0.962168
0.931503 0.897597
0.907448 0.903768
0.905047 0.830897
0.7637 0.794739
0.661873 0.631231
0.487187 0.422777
0.228892 0.173222
0.159615 0.104351
0.089363 0.0374485
-0.0510192 -0.0835298
-0.137011 -0.163217
-0.227612 -0.246914
-0.422526 -0.428169
-0.497603 -0.512961
-0.546591 -0.605145
-0.625965 -0.650203
-0.625827 -0.678707
-0.6798 -0.751503
-0.675771 -0.731511
-0.680759 -0.705011
-0.67371 -0.702495
-0.66132 -0.697784
-0.661502 -0.726956
-0.634963 -0.68775
-0.606751 -0.703892
-0.607485 -0.676836
-0.535519 -0.665557
-0.49137 -0.627146
-0.445937 -0.605482
-0.396232 -0.578913
-0.229957 -0.470283
-0.230782 -0.473337
-0.197797 -0.452643
-0.162596 -0.446024
-0.155395 -0.47854
-0.167517 -0.488738
-0.23129 -0.54193
-0.33965 -0.614651
-0.390966 -0.635804
-0.511334 -0.678976
-0.533552 -0.673189
-0.643606 -0.72486
-0.694911 -0.739383
-0.744529 -0.77018
-0.876083 -0.851925
-0.931719 -0.907177
-0.947235 -0.930988
-0.922349 -0.906595
-0.969861 -0.948779
-0.925742 -0.943767
-0.937662 -0.919866
-0.949598 -0.939934
-0.97353 -0.939227
-0.922709 -0.894199
-0.865104 -0.861324
-0.797524 -0.851019
-0.775561 -0.831798
-0.692132 -0.724078
-0.693025 -0.715859
-0.554705 -0.654229
-0.551183 -0.588411
-0.545262 -0.55989
-0.488665 -0.498947
-0.447073 -0.452055
-0.378061 -0.395129
-0.386398 -0.395357
-0.376092 -0.385905
-0.390983 -0.407678
-0.381205 -0.40208
-0.386882 -0.402481
-0.334301 -0.345999
-0.339596 -0.381284
-0.344754 -0.382646
-0.346568 -0.366113
-0.350037 -0.364671
-0.337173 -0.329647
-0.334183 -0.301324
-0.33583 -0.294034
-0.321028 -0.243102
-0.303172 -0.19703
-0.296439 -0.150011
-0.269543 -0.0869274
-0.244954 -0.0459726
-0.241239 -0.0227669
-0.227794 0.012616
0.840833 0.753676
0.852285 0.637541
0.844598 0.588823
0.765727 0.478819
0.695608 0.501467
0.547584 0.540899
0.548852 0.532721
0.550119 0.526709
0.492428 0.50094
0.0445848 0.124289
-0.0233456 0.064089
-0.168214 -0.0637568
-0.233747 -0.125033
-0.3249 -0.21162
-0.324381 -0.21162
-0.380911 -0.271773
-0.545444 -0.481419
-0.544736 -0.484141
-0.611705 -0.526837
-0.639285 -0.594002
-0.627885 -0.570045
-0.649854 -0.633698
-0.64747 -0.622014
-0.647635 -0.60778
-0.6478 -0.623617
-0.638058 -0.622966
-0.593112 -0.580337
-0.561873 -0.570873
-0.562014 -0.56076
-0.529027 -0.538092
-0.49504 -0.518814
-0.457555 -0.484188
-0.376276 -0.410878
-0.376389 -0.41322
-0.293363 -0.353438
-0.256856 -0.291091
-0.18998 -0.211115
-0.189999 -0.216235
-0.190018 -0.216235
-0.15949 -0.181253
-0.159487 -0.181253
-0.120748 -0.134539
-0.101807 -0.117894
-0.0853836 -0.0942114
-0.0742312 -0.0813933
-0.0722726 -0.0767902
-0.0720084 -0.0773848
-0.126061 -0.107159
-0.125952 -0.116488
-0.142622 -0.132448
-0.175673 -0.166276
-0.195451 -0.175241
-0.195194 -0.187859
-0.240516 -0.243122
-0.2404 -0.239948
-0.260999 -0.249693
-0.260859 -0.263146
-0.283778 -0.28992
-0.283746 -0.28992
-0.352875 -0.357197
-0.36899 -0.390559
-0.369057 -0.387939
-0.410105 -0.435199
-0.423097 -0.451294
-0.426986 -0.454154
-0.427212 -0.457154
-0.427326 -0.457154
-0.427081 -0.458415
-0.427562 -0.459246
-0.425426 -0.458215
-0.425552 -0.458215
-0.425678 -0.458215
-0.416698 -0.450428
-0.408966 -0.445985
-0.369568 -0.410677
-0.31301 -0.353399
-0.281557 -0.31736
-0.281639 -0.31736
-0.25367 -0.290037
-0.253952 -0.279925
-0.247703 -0.273701
-0.242848 -0.267841
-0.239013 -0.26205
-0.235656 -0.25591
-0.235718 -0.256697
-0.233785 -0.253731
-0.238754 -0.253484
-0.241615 -0.255366
-0.245485 -0.258518
-0.259314 -0.271263
-0.287332 -0.299719
-0.287356 -0.299719
-0.302401 -0.318236
-0.3075 -0.322361
-0.316728 -0.33213