Linear regression parameters:
Intercept: -0.00320276
Slope: 0.983474
Correlation: 0.991105
Target-output data:
submatrix_0
-0.274911 -0.281488
-0.274912 -0.280908
-0.274913 -0.280178
-0.27506 -0.280108
-0.275125 -0.280057
-0.275225 -0.280075
-0.275227 -0.280235
-0.275458 -0.280619
-0.276037 -0.282429
-0.276039 -0.282536
-0.276134 -0.282913
-0.276153 -0.28227
-0.276284 -0.28186
-0.276367 -0.283036
-0.276437 -0.28328
-0.276543 -0.284564
-0.276596 -0.284685
-0.276564 -0.285964
-0.276048 -0.28545
-0.276059 -0.284739
-0.275802 -0.284706
-0.275541 -0.28298
-0.275282 -0.282948
-0.274775 -0.280156
-0.274183 -0.280478
-0.274184 -0.280478
-0.274012 -0.279019
-0.273887 -0.280322
-0.273731 -0.280013
-0.273732 -0.280013
-0.27372 -0.279178
-0.273721 -0.279165
-0.273764 -0.279913
-0.273835 -0.280307
-0.273921 -0.28057
-0.274006 -0.279578
-0.274082 -0.279911
-0.274082 -0.279911
-0.274486 -0.282707
-0.274688 -0.281537
-0.274806 -0.280886
-0.274806 -0.280886
-0.274956 -0.282336
-0.275592 -0.282682
-0.275594 -0.282682
-0.27588 -0.282848
-0.276051 -0.282848
-0.276229 -0.285048
-0.276234 -0.285643
-0.276517 -0.284487
-0.276452 -0.2849
-0.276345 -0.284852
-0.276238 -0.284947
-0.276241 -0.283538
-0.276243 -0.283458
-0.276104 -0.283311
-0.275945 -0.283311
-0.275947 -0.282793
-0.275779 -0.283792
-0.275781 -0.283792
-0.275383 -0.282626
-0.275389 -0.282339
-0.275053 -0.282149
-0.274709 -0.282624
-0.274711 -0.282624
-0.274529 -0.282048
-0.274533 -0.281979
-0.274332 -0.281949
-0.274333 -0.281949
-0.274131 -0.282482
-0.273966 -0.282457
-0.273967 -0.282457
-0.273406 -0.279503
-0.273254 -0.279671
-0.273254 -0.279608
-0.273287 -0.278929
-0.273306 -0.278924
-0.273352 -0.279732
-0.273638 -0.27961
-0.273638 -0.279551
-0.273809 -0.279888
-0.274169 -0.28015
-0.275098 -0.283222
-0.275231 -0.283121
-0.275406 -0.282537
-0.27542 -0.281825
-0.275463 -0.281169
-0.275464 -0.281169
-0.275475 -0.280293
-0.275512 -0.280326
-0.275506 -0.280326
-0.275562 -0.280731
-0.275704 -0.280325
-0.275708 -0.280284
-0.275824 -0.281633
-0.275927 -0.281648
-0.276036 -0.282525
-0.276152 -0.283476
-0.276157 -0.283494
-0.276257 -0.284151
-0.276322 -0.283786
-0.276324 -0.283808
-0.27633 -0.284838
-0.276216 -0.286297
-0.275752 -0.28596
-0.275469 -0.284846
-0.275473 -0.284833
-0.274975 -0.284259
-0.274287 -0.2834
-0.273065 -0.28058
-0.273065 -0.280782
-0.272703 -0.279476
-0.272048 -0.277368
-0.2718 -0.277403
-0.271715 -0.277403
-0.271438 -0.27804
-0.271435 -0.27804
-0.271336 -0.278166
-0.271334 -0.278242
-0.271331 -0.276943
-0.271303 -0.276926
-0.271401 -0.277015
-0.271536 -0.27753
-0.271534 -0.277479
-0.271721 -0.278299
-0.271933 -0.278844
-0.272192 -0.279585
-0.272189 -0.27957
-0.2724 -0.280176
-0.272398 -0.280051
-0.272928 -0.281779
-0.273194 -0.281014
-0.27319 -0.281014
-0.274447 -0.284267
-0.274932 -0.283282
-0.275007 -0.282842
-0.275083 -0.284572
-0.274935 -0.28302
-0.27461 -0.28127
-0.27461 -0.28127
-0.274495 -0.281899
-0.27428 -0.282399
-0.274022 -0.28185
-0.27372 -0.281458
-0.273583 -0.281343
-0.273458 -0.28101
-0.273343 -0.281123
-0.273341 -0.280491
-0.273214 -0.280535
-0.2731 -0.280166
-0.273069 -0.280346
-0.273048 -0.280348
-0.273044 -0.281133
-0.273086 -0.28113
-0.273085 -0.280042
-0.273104 -0.279683
-0.273137 -0.279663
-0.273217 -0.280128
-0.273321 -0.280866
-0.273542 -0.280874
-0.273539 -0.281772
-0.273668 -0.282063
-0.273684 -0.280738
-0.273866 -0.281549
-0.27389 -0.281562
-0.27394 -0.28183
-0.274015 -0.281637
-0.274014 -0.281804
-0.274054 -0.281835
-0.274053 -0.281811
-0.274085 -0.282138
-0.274084 -0.282118
-0.274158 -0.282622
-0.274158 -0.282643
-0.27418 -0.282019
-0.274179 -0.282141
-0.274193 -0.282158
-0.274163 -0.281799
-0.274163 -0.281802
-0.274139 -0.282332
-0.274139 -0.282394
-0.274017 -0.281574
-0.273981 -0.281339
-0.273981 -0.281339
-0.273945 -0.281395
-0.273853 -0.281156
-0.273852 -0.281156
-0.273787 -0.281843
-0.273743 -0.281927
-0.273508 -0.282207
-0.273401 -0.28242
-0.273349 -0.282416
-0.273131 -0.279655
-0.272911 -0.279623
-0.272909 -0.279439
-0.272831 -0.27938
-0.27283 -0.279426
-0.272786 -0.278825
-0.272785 -0.278793
-0.272781 -0.279178
-0.272772 -0.279175
-0.27277 -0.279175
-0.272792 -0.280374
-0.272824 -0.280202
-0.272823 -0.280202
-0.272865 -0.28027
-0.272863 -0.280253
-0.272911 -0.280855
-0.272987 -0.281889
-0.0565685 -0.212524
0.0548723 -0.0958812
0.122998 0.00805903
0.15784 0.0950256
0.19153 0.126744
0.201162 0.171043
0.253243 0.253026
0.27126 0.257591
0.282124 0.261904
0.289977 0.253167
0.204755 0.169252
0.1343 0.123017
0.0981017 0.090634
0.035097 0.0359339
-0.0428151 -0.0372637
-0.0852136 -0.0821871
-0.130641 -0.125792
-0.223045 -0.223775
-0.267422 -0.293217
-0.317569 -0.343809
-0.371863 -0.369011
-0.590352 -0.570677
-0.616413 -0.594302
-0.620414 -0.595589
-0.62677 -0.60255
-0.639759 -0.613164
-0.655635 -0.62699
-0.674287 -0.649174
-0.664772 -0.631231
-0.678035 -0.646589
-0.686402 -0.661493
-0.672377 -0.64063
-0.696889 -0.653266
-0.670924 -0.666685
-0.660441 -0.674747
-0.678674 -0.685534
-0.654457 -0.675524
-0.673178 -0.683579
-0.668372 -0.683595
-0.657586 -0.670658
-0.667891 -0.685662
-0.647326 -0.663124
-0.657782 -0.683335
-0.663714 -0.677953
-0.6558 -0.665293
-0.68857 -0.679248
-0.627592 -0.665728
-0.595032 -0.605564
-0.606148 -0.610427
-0.569472 -0.569971
-0.523171 -0.551114
-0.534028 -0.531871
-0.557299 -0.542095
-0.549626 -0.505494
-0.526193 -0.508315
-0.50887 -0.503319
-0.517612 -0.510567
-0.503395 -0.491202
-0.496241 -0.515072
-0.504106 -0.505588
-0.527309 -0.512423
-0.480125 -0.511134
-0.486839 -0.494557
-0.474337 -0.486083
-0.474127 -0.494687
-0.432882 -0.455362
-0.446297 -0.474206
-0.457405 -0.481089
-0.461417 -0.486701
-0.419644 -0.44844
-0.387604 -0.439652
-0.360773 -0.419252
-0.354041 -0.39544
-0.35784 -0.398214
-0.266718 -0.319988
-0.266716 -0.312133
-0.213377 -0.263854
-0.212311 -0.263847
-0.211142 -0.263562
-0.168915 -0.218846
-0.144989 -0.189646
-0.134355 -0.192747
-0.0932374 -0.150537
-0.0407648 -0.0925791
-0.0257092 -0.0821257
0.0213447 -0.035023
0.0335544 -0.0158271
0.0537662 -0.00260497
0.0839976 0.0428736
0.100832 0.0913764
0.135114 0.0991433
0.133698 0.105343
0.165173 0.144372
0.171442 0.151643
0.117746 0.134088
0.125039 0.138001
0.157259 0.148213
0.137072 0.141524
0.125008 0.134482
0.146964 0.146493
0.150052 0.152026
0.112505 0.119786
0.0920664 0.107168
0.103223 0.106824
0.0643529 0.0749335
0.0912969 0.0793314
0.00704929 0.0472113
0.0179454 0.0241763
0.0288326 0.0303291
0.0212114 0.0312217
0.0152187 0.0271903
0.0255636 0.0338657
0.0358802 0.0531023
0.046168 0.0358976
-0.0400321 -0.0379631
-0.03994 -0.0331554
-0.0582602 -0.0619575
-0.084157 -0.0838832
-0.0761191 -0.0671421
-0.0602322 -0.0701713
-0.100286 -0.0974434
-0.0698214 -0.0561075
-0.0902585 -0.0837516
-0.127387 -0.0949452
-0.107748 -0.094943
-0.119074 -0.114464
-0.113138 -0.105534
-0.107923 -0.0951006
-0.11577 -0.108355
-0.105266 -0.0947561
-0.11936 -0.107997
-0.185362 -0.172706
-0.192478 -0.184055
-0.186528 -0.175105
-0.183697 -0.182249
-0.221914 -0.208317
-0.235128 -0.218452
-0.23371 -0.218626
-0.275126 -0.25837
-0.30822 -0.286642
-0.308441 -0.294228
-0.325047 -0.301682
-0.345846 -0.33224
-0.365182 -0.347043
-0.36832 -0.342269
-0.370045 -0.3481
-0.406486 -0.386803
-0.418936 -0.406315
-0.422382 -0.404744
-0.425929 -0.407429
-0.429577 -0.415226
-0.451872 -0.434027
-0.474385 -0.450784
-0.513597 -0.48745
-0.529389 -0.500779
-0.585437 -0.560818
-0.610958 -0.601217
-0.618618 -0.631275
-0.642733 -0.656586
-0.634425 -0.647218
-0.648947 -0.663572
-0.668434 -0.68776
-0.678265 -0.690818
-0.67282 -0.684013
-0.682858 -0.693694
-0.655044 -0.691085
-0.66516 -0.671566
-0.685551 -0.688851
-0.695821 -0.687444
-0.66807 -0.695928
-0.69634 -0.703745
-0.665202 -0.669174
-0.676235 -0.695713
-0.651688 -0.672815
-0.662835 -0.657758
-0.648326 -0.642995
-0.644571 -0.627047
-0.643712 -0.624373
-0.559461 -0.562858
-0.579466 -0.585034
-0.560071 -0.563968
-0.540308 -0.553054
-0.549799 -0.552561
-0.50402 -0.471929
-0.517415 -0.483702
-0.474969 -0.470262
-0.483857 -0.465571
-0.470874 -0.457683
-0.483873 -0.449855
-0.445782 -0.431501
-0.427592 -0.422875
-0.425296 -0.423655
-0.416263 -0.394183
-0.363812 -0.393556
-0.367277 -0.399158
-0.309481 -0.353055
-0.29953 -0.312789
-0.280295 -0.323922
-0.266744 -0.310265
-0.246856 -0.291204
-0.24703 -0.292598
-0.23532 -0.275788
-0.234832 -0.267358
-0.203842 -0.237967
-0.185852 -0.229068
-0.166137 -0.210388
-0.138557 -0.189365
-0.126256 -0.166759
-0.122716 -0.169688
-0.0777394 -0.122202
-0.0684539 -0.121387
-0.064866 -0.108841
-0.0213681 -0.0694176
0.00357342 -0.0455451
0.00236602 -0.043617
0.00889045 -0.0342366
0.0459506 0.0148399
0.0680043 0.0475501
0.0718995 0.0576445
0.0802534 0.0652651
0.0898577 0.074468
0.0984658 0.0808567
0.108726 0.111506
0.0949518 0.118706
0.105528 0.12521
0.115198 0.120299
0.0959342 0.129897
0.136024 0.134613
0.146384 0.144906
0.117046 0.129667
0.148895 0.155012
0.158726 0.156427
0.16958 0.148029
0.109121 0.149764
0.131194 0.13795
0.141723 0.125276
0.0967208 0.0986339
0.0804698 0.088875
0.0574107 0.070799
0.0904828 0.0950323
0.101495 0.107545
0.0171901 0.0219058
0.0385653 0.037612
0.0401265 0.0242617
0.0201651 0.0229614
0.0165656 0.033397
0.0209772 0.0197486
-0.0521645 -0.0493504
-0.0719631 -0.0646877
-0.0930402 -0.0857238
-0.0848275 -0.0734301
-0.10609 -0.0425598
-0.132797 -0.0807441
-0.118542 -0.0560647
-0.104574 -0.10173
-0.167121 -0.100143
-0.171952 -0.122393
-0.166367 -0.124265
-0.194198 -0.139882
-0.185344 -0.170841
-0.209615 -0.158105
-0.201596 -0.187844
-0.203299 -0.189175
-0.215948 -0.196958
-0.254245 -0.235626
-0.261093 -0.240392
-0.270305 -0.248152
-0.27029 -0.255429
-0.376405 -0.34386
-0.408148 -0.381969
-0.415476 -0.382611
-0.429284 -0.39889
-0.433938 -0.410449
-0.438186 -0.415426
-0.484159 -0.459957
-0.489506 -0.46612
-0.509092 -0.489335
-0.534327 -0.515258
-0.566993 -0.543776
-0.578933 -0.549655
-0.601017 -0.571463
-0.611133 -0.619473
-0.623899 -0.639174
-0.65016 -0.650526
-0.678464 -0.669026
-0.691383 -0.673894
-0.703162 -0.702312
-0.671982 -0.67556
-0.692146 -0.711929
-0.688285 -0.717373
-0.710149 -0.729541
-0.646103 -0.701807
-0.657195 -0.683596
-0.679436 -0.704506
-0.665892 -0.689748
-0.673844 -0.674283
-0.65355 -0.646974
-0.688312 -0.650297
-0.656604 -0.649695
-0.689484 -0.613412
-0.647367 -0.625447
-0.608996 -0.607909
-0.640738 -0.63685
-0.62086 -0.613091
-0.631223 -0.596315
-0.573207 -0.566923
-0.583433 -0.59303
-0.569267 -0.574188
-0.599166 -0.571694
-0.538702 -0.532065
-0.548269 -0.551107
-0.557793 -0.559097
-0.57671 -0.539354
-0.534829 -0.538231
-0.50509 -0.507965
-0.489898 -0.496139
-0.403905 -0.419581
-0.410474 -0.435872
-0.392403 -0.422734
-0.398608 -0.373923
-0.404734 -0.405106
-0.375847 -0.379919
-0.362233 -0.393588
-0.381536 -0.379207
-0.355982 -0.395145
-0.365131 -0.132242
0.516484 0.595484
0.545221 0.582188
0.54699 0.47433
0.540058 0.49123
0.533198 0.516872
0.240176 0.250834
0.229655 0.268038
0.172947 0.221847
0.0972566 0.181997
-0.145641 0.0374746
-0.152145 0.0321817
-0.213345 0.0290476
-0.395537 -0.214929
-0.470492 -0.352546
-0.604256 -0.458276
-0.610488 -0.464793
-0.675235 -0.611758
-0.711148 -0.641413
-0.721611 -0.635804
-0.788779 -0.738453
-0.810887 -0.832084
-0.812817 -0.839806
-0.816946 -0.846369
-0.807297 -0.853796
-0.782689 -0.857747
-0.77924 -0.822787
-0.721031 -0.836113
-0.718554 -0.83874
-0.602443 -0.767034
-0.59745 -0.766312
-0.0960753 -0.248611
0.0206206 -0.113803
0.121003 0.056607
0.244659 0.160569
0.252535 0.169259
0.337637 0.335072
0.379403 0.418656
0.403861 0.463515
0.403861 0.471054
0.450875 0.52956
0.430283 0.467172
0.406365 0.426459
0.364468 0.387178
0.369772 0.354453
0.220198 0.228836
0.161663 0.141498
0.0973872 0.127845
0.10166 0.0884967
0.0379876 0.0335077
-0.0199418 -0.0198292
-0.0817686 -0.0892239
-0.126717 -0.135996
-0.164663 -0.180838
-0.208469 -0.236646
-0.331181 -0.385736
-0.31666 -0.417055
-0.346103 -0.426132
-0.363799 -0.46095
-0.359994 -0.45826
-0.356164 -0.45113
-0.369551 -0.470147
-0.375811 -0.47515
-0.371808 -0.474235
-0.377698 -0.478735
-0.373531 -0.473653
-0.364652 -0.457331
-0.360222 -0.43774
-0.351111 -0.433434
-0.325665 -0.38653
-0.31048 -0.383343
-0.305537 -0.381553
-0.295494 -0.374415
-0.228895 -0.299242
-0.223187 -0.291542
-0.154261 -0.193973
-0.144137 -0.198917
-0.108598 -0.157472
-0.10195 -0.149649
-0.0952482 -0.154314
-0.0724873 -0.114577
-0.0656334 -0.122058
-0.0360204 -0.092365
0.0733491 0.0254087
0.1066 0.0468918
0.118828 0.0590116
0.0899642 0.0235344
0.0544498 0.00385897
0.022672 -0.0190693
-0.132675 -0.122487
-0.24477 -0.275352
-0.344336 -0.332993
-0.412533 -0.35524
-0.439719 -0.427041
-0.612881 -0.556256
-0.707243 -0.66594
-0.769794 -0.722172
-0.843577 -0.784915
-0.850904 -0.814063
-0.875275 -0.821391
-0.866561 -0.847701
-0.858265 -0.848226
-0.842588 -0.826659
-0.812504 -0.780304
-0.780782 -0.772796
-0.641404 -0.657143
-0.594922 -0.571859
-0.492236 -0.521834
-0.42286 -0.479917
-0.292444 -0.277598
-0.268513 -0.260368
-0.191384 -0.160317
-0.19849 -0.179726
-0.189744 -0.16937
-0.171186 -0.145336
-0.148154 -0.134706
-0.153279 -0.133211
-0.188856 -0.191784
-0.253006 -0.247009
-0.262052 -0.255506
-0.266642 -0.27417
-0.277401 -0.27318
-0.28207 -0.271892
-0.291553 -0.274392
-0.319444 -0.301401
-0.341443 -0.331058
-0.34655 -0.329076
-0.36834 -0.3567
-0.413316 -0.422614
-0.446691 -0.447691
-0.455357 -0.48099
-0.467259 -0.476499
-0.473298 -0.481136
-0.518093 -0.547949
-0.52459 -0.550135
-0.537755 -0.552049
-0.54933 -0.576361
-0.562924 -0.584576
-0.569801 -0.590572
-0.594043 -0.610013
-0.601155 -0.617757
-0.622805 -0.63669
-0.630103 -0.657652
-0.641514 -0.661349
-0.682318 -0.685844
-0.673586 -0.691446
-0.671769 -0.70099
-0.676259 -0.685777
-0.607429 -0.641541
-0.602472 -0.617409
-0.517691 -0.577928
-0.44553 -0.464572
-0.445009 -0.466771
-0.27041 -0.349164
-0.251093 -0.292574
-0.184728 -0.269312
-0.178562 -0.230945
-0.122221 -0.204551
0.0214756 -0.0778782
0.0459832 -0.0532931
0.115754 0.0101889
0.174733 0.0723983
0.225506 0.13245
0.258928 0.178377
0.295284 0.243688
0.299664 0.274482
0.317563 0.29562
0.256273 0.240849
0.256273 0.264705
0.262545 0.262318
0.179545 0.178623
0.046158 0.101514
0.0613129 0.0672652
0.0662661 0.050866
-0.0282696 -0.0249094
-0.317967 -0.308582
-0.314087 -0.348361
-0.310224 -0.336765
-0.302545 -0.325681
-0.3415 -0.362697
-0.364561 -0.422408
-0.357272 -0.451926
-0.427658 -0.517422
-0.420718 -0.50244
-0.422158 -0.497201
-0.418611 -0.490727
-0.399972 -0.457087
-0.382916 -0.431949
-0.369926 -0.412534
-0.362167 -0.409763
-0.34608 -0.385649
-0.331544 -0.367989
-0.253778 -0.279518
-0.249155 -0.281028
-0.184633 -0.20175
-0.179534 -0.204826
-0.17438 -0.195876
-0.124616 -0.12097
-0.102888 -0.119986
-0.097179 -0.111366
-0.0563723 -0.0611806
-0.0502591 -0.060986
-0.0257346 -0.0368925
-0.0193332 -0.028979
-0.00173398 -0.00108752
0.0340075 0.0150544
0.0479288 0.0204295
0.0713121 0.0475908
0.0713121 0.0470901
0.0785669 0.051511
0.113295 0.0754774
0.120261 0.0766923
0.1235 0.0602607
0.0886966 0.0219253
0.0862853 0.0180462
-0.0341122 -0.0762413
-0.0852908 -0.112922
-0.0854818 -0.123003
-0.144612 -0.156676
-0.145763 -0.148829
-0.297719 -0.26806
-0.302159 -0.302555
-0.443531 -0.385309
-0.562711 -0.487485
-0.570697 -0.521706
-0.681404 -0.593238
-0.782864 -0.708791
-0.842506 -0.785175
-0.862652 -0.818337
-0.895824 -0.845958
-0.903339 -0.832965
-0.868828 -0.823649
-0.784619 -0.768104
-0.790799 -0.764957
-0.7085 -0.664936
-0.720028 -0.703432
-0.660688 -0.664109
-0.574101 -0.570764
-0.583771 -0.584032
-0.515504 -0.540896
-0.423176 -0.418673
-0.397437 -0.357412
-0.371843 -0.291238
-0.32033 -0.265183
-0.324232 -0.233432
-0.294764 -0.21026
-0.249314 -0.216702
-0.222581 -0.148599
-0.181406 -0.13264
-0.184965 -0.110087
-0.174149 -0.115272
-0.16381 -0.102546
-0.136265 -0.108273
-0.145645 -0.121274
-0.14769 -0.118023
-0.160444 -0.128648
-0.214259 -0.197994
-0.238219 -0.227459
-0.263197 -0.223024
-0.267617 -0.227103
-0.27659 -0.279576
-0.3267 -0.332186
-0.352593 -0.339117
-0.380616 -0.371426
-0.407484 -0.403975
-0.412975 -0.39959
-0.42413 -0.457638
-0.448781 -0.462608
-0.454606 -0.482928
-0.516838 -0.541244
-0.54144 -0.571948
-0.548065 -0.576393
-0.562615 -0.588479
-0.576244 -0.597954
-0.591999 -0.608642
-0.606109 -0.618033
-0.618199 -0.643015
-0.667108 -0.669909
-0.683885 -0.680931
-0.655484 -0.672929
-0.662598 -0.639122
-0.663996 -0.66554
-0.67719 -0.672955
-0.651695 -0.636947
-0.503857 -0.529951
-0.503744 -0.534786
-0.50333 -0.506456
-0.394301 -0.446255
-0.257149 -0.343406
-0.0995134 -0.166277
-0.0925541 -0.182272
0.104594 0.00727844
0.148077 0.0422741
0.156651 0.0752801
0.165245 0.0710359
0.220724 0.153051
0.346115 0.340772
0.350014 0.3629
0.302381 0.334474
0.308893 0.309482
0.315327 0.333844
0.242845 0.216794
0.125042 0.12345
0.136264 0.13656
0.0853681 0.0776662
0.0512896 0.0548563
-0.148138 -0.140016
-0.187688 -0.180407
-0.310933 -0.335134
-0.377868 -0.420062
-0.370725 -0.436149
-0.391629 -0.438957
-0.404498 -0.469385
-0.427593 -0.481124
-0.438093 -0.493613
-0.424641 -0.486614
-0.426974 -0.490797
-0.423455 -0.486855
-0.421893 -0.486594
-0.41471 -0.474878
-0.411086 -0.473959
-0.396893 -0.456809
-0.393205 -0.449096
-0.382905 -0.439909
-0.314403 -0.354012
-0.288716 -0.328547
-0.27514 -0.323571
-0.261683 -0.297359
-0.214119 -0.250215
-0.194976 -0.225904
-0.118401 -0.151903
-0.106932 -0.122016
-0.0753747 -0.0913427
-0.0570497 -0.0775182
-0.0152342 -0.0255685
0.0463999 0.0396989
0.0604129 0.0418982
0.0660772 0.0535196
0.112298 0.092154
0.122518 0.100444
0.13734 0.09493
0.128773 0.0941082
0.135176 0.0959029
0.142265 0.0989492
0.128316 0.0783202
0.141774 0.0830824
0.143832 0.0911338
0.0923583 0.0372016
0.0484251 -0.00100226
0.00627264 -0.0408593
-0.0361323 -0.0406682
-0.033011 -0.0638629
-0.031875 -0.0591061
-0.15417 -0.163241
-0.155508 -0.159635
-0.159086 -0.179826
-0.213389 -0.200508
-0.277092 -0.233215
-0.447509 -0.381125
-0.59044 -0.522954
-0.62824 -0.549201
-0.653248 -0.548572
-0.75515 -0.649019
-0.781019 -0.651995
-0.853614 -0.756773
-0.883207 -0.803951
-0.882874 -0.844672
-0.763174 -0.745172
-0.656494 -0.661459
-0.456242 -0.480902
-0.469576 -0.465245
-0.397459 -0.366888
-0.30054 -0.278467
-0.312306 -0.290548
-0.26194 -0.219666
-0.225691 -0.18136
-0.235061 -0.17391
-0.213986 -0.155095
-0.189663 -0.145483
-0.193234 -0.133559
-0.148678 -0.0926577
-0.143869 -0.0974684
-0.136456 -0.0834764
-0.143541 -0.0932185
-0.14444 -0.103256
-0.156617 -0.139374
-0.160332 -0.131284
-0.164073 -0.136775
-0.182342 -0.163031
-0.186232 -0.176149
-0.203415 -0.179457
-0.318257 -0.299309
-0.327827 -0.2996
-0.343015 -0.326329
-0.347963 -0.331278
-0.386272 -0.364425
-0.404038 -0.399774
-0.409458 -0.39972
-0.42606 -0.43611
-0.443704 -0.435022
-0.471593 -0.472438
-0.523944 -0.540534
-0.556573 -0.57504
-0.57949 -0.598933
-0.600271 -0.619101
-0.638986 -0.657067
-0.642689 -0.665605
-0.671161 -0.67813
-0.678581 -0.678232
-0.703832 -0.684945
-0.674905 -0.64923
-0.695007 -0.668554
-0.669784 -0.636796
-0.653042 -0.648669
-0.670481 -0.638027
-0.636809 -0.618973
-0.642118 -0.632552
-0.656961 -0.652982
-0.54518 -0.565065
-0.44574 -0.475819
-0.391391 -0.446729
-0.389472 -0.410496
-0.323529 -0.352326
-0.249169 -0.308259
-0.244319 -0.31034
-0.135557 -0.217339
-0.0664877 -0.157437
0.00852943 -0.0973544
0.0166473 -0.0969669
0.0682894 -0.0308986
0.09354 -0.031114
0.267529 0.153387
0.330489 0.309938
0.315118 0.329685
0.213023 0.213235
0.186738 0.198944
0.123445 0.128096
0.139995 0.134587
0.114215 0.0956337
0.0460605 0.0569798
0.0561844 0.0646358
0.0611721 0.0717759
-0.0448479 -0.0289212
-0.106914 -0.0897332
-0.233162 -0.227376
-0.283258 -0.257261
-0.31262 -0.302291
-0.304957 -0.31883
-0.374413 -0.413262
-0.432902 -0.496489
-0.42243 -0.489771
-0.435007 -0.490163
-0.435422 -0.492794
-0.414284 -0.463275
-0.617445 -0.46387
-0.636086 -0.451201
-0.641263 -0.456979
-0.643252 -0.454903
-0.648463 -0.460461
-0.67641 -0.507257
-0.697549 -0.547875
-0.695278 -0.56596
-0.704666 -0.585745
-0.710052 -0.591919
-0.701781 -0.602091
-0.718392 -0.642601
-0.653578 -0.672094
-0.646745 -0.642994
-0.573088 -0.539825
-0.57857 -0.569732
-0.589555 -0.545717
-0.560807 -0.553417
-0.505569 -0.519857
-0.527449 -0.482214
-0.434235 -0.418339
-0.383318 -0.347332
-0.34299 -0.305741
-0.20309 -0.170614
-0.204972 -0.185234
-0.16797 -0.166116
-0.169601 -0.134935
-0.136974 -0.103022
-0.119267 -0.0875624
-0.0982597 -0.0782506
-0.0498194 -0.0432946
-0.0541695 -0.0714697
-0.0596531 -0.0663936
-0.0542794 -0.0995712
-0.104197 -0.119925
-0.110712 -0.127669
-0.103855 -0.151948
-0.109598 -0.146983
-0.105464 -0.167388
-0.150093 -0.180075
-0.129612 -0.191002
-0.130939 -0.163545
-0.0976633 -0.136359
-0.103772 -0.138969
-0.098238 -0.130612
-0.0927104 -0.127545
-0.0871901 -0.124667
-0.0881223 -0.122142
-0.0768603 -0.104731
-0.0812341 -0.0955999
-0.0843002 -0.100831
-0.0789155 -0.091538
-0.0904007 -0.100799
-0.0850398 -0.0849112
-0.0684786 -0.0702888
-0.113302 -0.101433
-0.223159 -0.126738
-0.222887 -0.147973
-0.253635 -0.172338
-0.325186 -0.285574
-0.344651 -0.312128
-0.362273 -0.331327
-0.393682 -0.379758
-0.406427 -0.407158
-0.406405 -0.401233
-0.406384 -0.401213
-0.402742 -0.407924
-0.410016 -0.427845
-0.410017 -0.427433
-0.416275 -0.43172
-0.419317 -0.432158
-0.419352 -0.432204
-0.419388 -0.421331
-0.401752 -0.412207
-0.401892 -0.414315
-0.39544 -0.403369
-0.38827 -0.396175
-0.388433 -0.383754
-0.347064 -0.347639
-0.335843 -0.333181
-0.323559 -0.316579
-0.312035 -0.285061
-0.286507 -0.270796
-0.286641 -0.269342
-0.27579 -0.247735
-0.265502 -0.240954
-0.255959 -0.228857
-0.238482 -0.209438
-0.238599 -0.214357
-0.238637 -0.209517
-0.230855 -0.203684
-0.225826 -0.204352
-0.217924 -0.197821
-0.235857 -0.225949
-0.23588 -0.22392
-0.240122 -0.230497
-0.245185 -0.23768
-0.126632 -0.225008
-0.122774 -0.210801
-0.112397 -0.207379
-0.0785105 -0.166339
-0.0597149 -0.137744
-0.053747 -0.120453
-0.0482434 -0.111064
-0.0427316 -0.112762
-0.0368678 -0.094826
-0.0215206 -0.0675311
-0.0188598 -0.0582682
-0.00308531 -0.0291804
-0.0324531 -0.0504151
-0.0179605 -0.0381467
-0.0626491 -0.0760977
-0.0757708 -0.0925721
-0.0868967 -0.101048
-0.0829939 -0.0962052
-0.0938192 -0.114782
-0.152628 -0.169348
-0.177261 -0.203171
-0.174505 -0.194308
-0.194342 -0.219391
-0.211778 -0.248164
-0.236161 -0.256858
-0.234423 -0.255961
-0.260928 -0.295447
-0.301554 -0.327998
-0.341778 -0.363551
-0.345145 -0.359706
-0.345975 -0.358009
-0.382191 -0.385148
-0.42284 -0.422147
-0.43787 -0.434163
-0.447571 -0.442236
-0.482491 -0.463613
-0.485534 -0.46892
-0.478632 -0.467967
-0.482308 -0.479918
-0.501406 -0.490712
-0.517698 -0.486204
-0.558748 -0.497188
-0.558738 -0.500534
-0.557404 -0.494528
-0.564651 -0.507252
-0.570061 -0.523072
-0.565864 -0.526498
-0.557358 -0.529414
-0.568301 -0.547521
-0.531979 -0.54536
-0.494713 -0.527247
-0.500185 -0.512919
-0.505663 -0.52539
-0.504834 -0.516108
-0.458355 -0.456597
-0.446692 -0.442934
-0.435141 -0.434155
-0.435888 -0.419227
-0.446854 -0.397001
-0.409208 -0.39115
-0.424648 -0.392086
-0.416905 -0.390508
-0.42787 -0.389336
-0.408583 -0.376612
-0.404213 -0.377597
-0.40545 -0.386961
-0.410898 -0.404461
-0.40175 -0.389132
-0.428439 -0.412168
-0.430053 -0.426935
-0.428592 -0.420945
-0.432642 -0.432561
-0.44899 -0.434536
-0.439454 -0.427808
-0.455812 -0.441058
-0.443553 -0.440306
-0.44775 -0.437641
-0.473572 -0.458481
-0.471843 -0.46291
-0.466879 -0.45296
-0.469712 -0.462894
-0.480639 -0.477135
-0.486113 -0.481271
-0.491593 -0.481409
-0.491929 -0.490736
-0.484523 -0.488339
-0.447679 -0.492811
-0.433307 -0.473419
-0.382298 -0.414457
-0.383731 -0.424305
-0.366467 -0.407674
-0.368349 -0.408279
-0.321137 -0.345382
-0.270883 -0.279171
-0.24709 -0.259167
-0.244484 -0.249132
-0.229387 -0.235399
-0.203892 -0.210884
-0.20232 -0.221131
-0.154231 -0.182017
-0.131139 -0.161644
-0.0921358 -0.122813
-0.0577384 -0.0900407
-0.0451829 -0.0691583
-0.0262667 -0.058811
-0.0226613 -0.049646
-0.0178833 -0.0487596
-0.0336564 -0.032697
-0.0306652 -0.0433052
-0.0148213 -0.024895
-0.0326822 -0.0351977
-0.0272725 -0.0295139
-0.0305433 -0.031024
-0.0140041 -0.0243716
-0.0299497 -0.0344461
-0.0243919 -0.0416187
-0.0216325 -0.0314098
-0.0262189 -0.0458825
-0.0205704 -0.0297443
-0.00926761 -0.0334397
-0.0215395 -0.0305498
-0.0449723 -0.0467528
-0.0512089 -0.0593327
-0.0589187 -0.0617306
-0.0534852 -0.0532058
-0.0681286 -0.0596947
-0.0627927 -0.0742635
-0.057477 -0.0619161
-0.09016 -0.0969768
-0.0851064 -0.081109
-0.068153 -0.0726616
-0.104816 -0.11615
-0.0913412 -0.0926327
-0.10806 -0.107679
-0.103868 -0.120603
-0.143976 -0.150765
-0.183855 -0.161707
-0.203594 -0.194521
-0.302189 -0.23238
-0.33052 -0.240675
-0.359282 -0.305301
-0.380593 -0.337761
-0.380459 -0.357998
-0.40019 -0.366675
-0.444753 -0.429503
-0.452857 -0.450623
-0.452864 -0.450622
-0.458128 -0.462322
-0.452421 -0.44817
-0.419565 -0.409351
-0.403817 -0.393318
-0.40392 -0.401769
-0.386657 -0.383529
-0.386964 -0.383162
-0.368438 -0.353146
-0.33698 -0.325729
-0.337168 -0.306943
-0.319965 -0.305442
-0.301896 -0.273938
-0.286885 -0.257937
-0.249277 -0.218606
-0.24933 -0.205866
-0.2282 -0.184951
-0.211082 -0.168212
-0.198201 -0.154972
-0.198733 -0.155049
-0.198716 -0.155409
-0.206051 -0.169202
-0.206026 -0.176926
-0.21203 -0.187948
-0.219175 -0.188578
-0.236357 -0.212991
-0.256023 -0.252551
-0.18333 -0.258311
-0.168692 -0.25771
-0.173279 -0.255935
-0.168299 -0.253021
-0.14165 -0.21524
-0.14603 -0.224347
-0.140797 -0.212544
-0.134767 -0.19593
-0.118746 -0.188231
-0.099714 -0.145028
-0.0982476 -0.143488
-0.0689132 -0.0807753
-0.0364312 -0.0556334
-0.0342043 -0.0478955
-0.0145616 -0.0334228
-0.00936447 -0.0349598
-0.0304217 -0.0310913
-0.0155066 -0.0285377
-0.0309283 -0.0374749
-0.0351145 -0.0356647
-0.0531908 -0.0569191
-0.0489466 -0.0456255
-0.0405944 -0.0366244
-0.0648537 -0.0596441
-0.0609268 -0.0528498
-0.101021 -0.0924874
-0.170515 -0.143552
-0.203073 -0.193718
-0.223831 -0.240578
-0.255253 -0.249952
-0.28805 -0.290284
-0.286769 -0.289462
-0.311391 -0.325156
-0.352966 -0.372653
-0.352395 -0.363323
-0.398667 -0.405787
-0.448626 -0.458558
-0.460485 -0.463911
-0.462373 -0.46391
-0.464331 -0.464621
-0.477685 -0.473396
-0.475566 -0.465732
-0.475616 -0.471457
-0.502147 -0.483129
-0.508653 -0.478692
-0.516236 -0.493222
-0.526611 -0.498089
-0.516844 -0.492966
-0.52143 -0.494715
-0.54816 -0.478642
-0.55675 -0.506091
-0.552991 -0.506812
-0.554106 -0.505989
-0.559542 -0.516497
-0.564985 -0.520418
-0.570434 -0.526677
-0.552188 -0.521156
-0.563092 -0.519209
-0.550893 -0.514617
-0.572834 -0.530885
-0.559708 -0.53509
-0.54749 -0.533529
-0.538797 -0.535774
-0.523796 -0.518752
-0.529293 -0.532855
-0.490726 -0.476093
-0.464133 -0.458669
-0.469627 -0.466506
-0.460685 -0.43344
-0.419307 -0.404523
-0.424766 -0.407854
-0.410745 -0.377691
-0.427125 -0.399602
-0.408764 -0.374779
-0.414218 -0.384817
-0.41623 -0.372425
-0.393181 -0.353021
-0.398617 -0.369649
-0.392602 -0.342084
-0.40347 -0.372364
-0.398657 -0.366652
-0.429843 -0.405468
-0.435281 -0.412405
-0.444085 -0.415756
-0.471545 -0.442311
-0.463901 -0.456886
-0.460754 -0.451828
-0.466198 -0.465182
-0.469356 -0.473616
-0.497872 -0.494348
-0.513961 -0.499611
-0.498081 -0.485139
-0.448126 -0.497169
-0.435553 -0.490725
-0.420086 -0.452218
-0.423984 -0.4701
-0.337166 -0.367636
-0.337677 -0.367235
-0.334122 -0.352139
-0.334336 -0.353736
-0.311702 -0.311886
-0.263894 -0.272963
-0.241283 -0.259693
-0.239058 -0.251754
-0.190072 -0.201877
-0.164986 -0.190453
-0.120333 -0.150658
-0.10978 -0.128674
-0.083979 -0.100306
-0.0562645 -0.0677069
-0.0413982 -0.0539452
-0.0369928 -0.0525445
-0.032912 -0.0426106
-0.0283102 -0.0381709
-0.0175889 -0.036926
-0.0229265 -0.028271
-0.0236637 -0.0241612
-0.0235194 -0.0227148
-0.03728 -0.041486
-0.0241253 -0.021951
-0.0209596 -0.0222787
-0.0335551 -0.0403753
-0.0279031 -0.0247232
-0.0325689 -0.0420126
-0.0155966 -0.0236919
-0.0266504 -0.0324971
-0.033486 -0.0353893
-0.028192 -0.0398843
-0.0800178 -0.091394
-0.110996 -0.114309
-0.106151 -0.0966403
-0.0965655 -0.106504
-0.131126 -0.135565
-0.126465 -0.118698
-0.123151 -0.131807
-0.172891 -0.165461
-0.192603 -0.184094
-0.218332 -0.19554
-0.303984 -0.228931
-0.329308 -0.234496
-0.401562 -0.347518
-0.44737 -0.409889
-0.447215 -0.41767
-0.437402 -0.429891
-0.437486 -0.429931
-0.427072 -0.416386
-0.414738 -0.401438
-0.401182 -0.370566
-0.388558 -0.370566
-0.375571 -0.354208
-0.346791 -0.320049
-0.292765 -0.246539
-0.280453 -0.23031
-0.267674 -0.228482
-0.249725 -0.197791
-0.221001 -0.1701
-0.216831 -0.162263
-0.21444 -0.163499
-0.22018 -0.18011
-0.220174 -0.1874
-0.228932 -0.196574
-0.25665 -0.234217
-0.256661 -0.234185
-0.200811 -0.25904
-0.196134 -0.249773
-0.170945 -0.256265
-0.164372 -0.248034
-0.146886 -0.232995
-0.134461 -0.214476
-0.131239 -0.189486
-0.0924219 -0.126885
-0.0929725 -0.102664
-0.0784909 -0.0894601
-0.067488 -0.080899
-0.0566413 -0.0665061
-0.0456713 -0.056709
-0.0428381 -0.0511339
-0.0308424 -0.0480185
-0.0292019 -0.0315368
-0.0319678 -0.0428079
-0.0468701 -0.0253746
-0.0863894 -0.0585264
-0.0893565 -0.0947072
-0.175964 -0.16364
-0.239851 -0.266793
-0.294507 -0.293078
-0.359743 -0.359591
-0.359923 -0.37491
-0.381281 -0.381338
-0.383828 -0.382185
-0.414788 -0.411155
-0.416008 -0.416362
-0.43163 -0.420862
-0.448085 -0.433174
-0.449999 -0.439807
-0.460451 -0.444483
-0.507022 -0.471515
-0.49624 -0.467276
-0.508596 -0.486857
-0.516905 -0.481963
-0.534862 -0.494712
-0.523633 -0.48956
-0.532982 -0.490334
-0.570981 -0.499758
-0.584835 -0.511584
-0.562384 -0.528317
-0.541314 -0.518358
-0.180952 -0.306739
-0.111715 -0.132662
-0.0722255 -2.37034e-05
-0.0273556 0.0403342
0.00202871 0.0801971
0.00314577 0.104996
-0.00435282 0.0657645
-0.0133164 0.0546013
-0.0268256 0.027275
-0.026468 0.0317781
-0.0262894 0.0317781
-0.0445384 0.00150682
-0.0440053 0.00793156
-0.0655877 -0.0135005
-0.0650663 -0.0154496
-0.0884593 -0.0394486
-0.115207 -0.065482
-0.11505 -0.0789214
-0.172336 -0.135361
-0.204538 -0.173971
-0.204314 -0.206717
-0.235287 -0.212681
-0.360074 -0.381468
-0.360018 -0.417496
-0.423129 -0.45205
-0.423271 -0.451884
-0.436115 -0.471008
-0.454998 -0.500959
-0.459101 -0.509712
-0.459931 -0.508431
-0.460454 -0.504623
-0.457777 -0.505818
-0.434266 -0.472253
-0.42467 -0.4571
-0.42511 -0.440272
-0.46632 -0.344666
-0.471559 -0.347198
-0.492947 -0.379457
-0.487286 -0.386056
-0.505214 -0.409695
-0.51586 -0.419962
-0.522415 -0.447774
-0.510046 -0.502604
-0.526031 -0.532281
-0.524136 -0.529238
-0.53635 -0.532202
-0.540885 -0.531129
-0.538607 -0.524586
-0.551882 -0.52342
-0.540027 -0.526213
-0.51188 -0.495339
-0.52278 -0.517375
-0.526595 -0.499019
-0.508168 -0.504577
-0.502713 -0.497418
-0.508172 -0.496495
-0.480322 -0.479039
-0.463554 -0.45954
-0.455317 -0.445383
-0.438674 -0.426884
-0.444091 -0.423727
-0.415608 -0.407693
-0.421004 -0.383988
-0.428575 -0.385412
-0.433989 -0.376528
-0.414461 -0.366931
-0.425238 -0.383788
-0.430637 -0.380821
-0.415697 -0.37206
-0.426468 -0.389955
-0.437267 -0.385997
-0.425163 -0.381095
-0.435928 -0.407918
-0.44132 -0.406815
-0.450412 -0.421116
-0.438173 -0.405136
-0.460788 -0.43294
-0.466185 -0.442374
-0.471589 -0.440783
-0.459553 -0.425192
-0.331453 -0.41536
-0.308869 -0.369008
-0.309319 -0.370309
-0.293205 -0.330455
-0.272577 -0.306473
-0.251845 -0.26291
-0.251986 -0.26291
-0.238797 -0.237584
-0.221825 -0.199348
-0.20721 -0.172566
-0.207416 -0.181753
-0.193023 -0.166077
-0.185612 -0.149395
-0.185661 -0.155004
-0.185686 -0.157163
-0.177285 -0.15
-0.176062 -0.157231
-0.183964 -0.15655
-0.187429 -0.158682
-0.19257 -0.163212
-0.198922 -0.170516
-0.205887 -0.178802
-0.224092 -0.196927
-0.241221 -0.216584
-0.241082 -0.228087
-0.250203 -0.228261
-0.258577 -0.238978
-0.258303 -0.251744
-0.285825 -0.274634
-0.319464 -0.311759
-0.338395 -0.330253
-0.340827 -0.332571
-0.343135 -0.334041
-0.342509 -0.333249
-0.342495 -0.333289
-0.342482 -0.333289
-0.340626 -0.328959
-0.331029 -0.311016
-0.214807 -0.295148
-0.209698 -0.297796
-0.204582 -0.288929
-0.184555 -0.27186
-0.17941 -0.271581
-0.153679 -0.22706
-0.143311 -0.221417
-0.112712 -0.148556
-0.0477395 -0.0397611
-0.00821684 0.0343219
0.00251338 0.0365984
0.00788846 0.0579005
0.00313718 0.053397
0.0229684 0.086482
0.0341651 0.0824897
0.0421975 0.0879909
0.0343283 0.0696482
0.0452625 0.0874686
0.0049907 0.0602446
-0.0115467 0.0266426
-0.0060583 0.0285722
-0.0286245 0.0172698
-0.0479941 -0.0380753
-0.0369729 -0.0278343
-0.0547239 -0.0759698
-0.100688 -0.096999
-0.121247 -0.120351
-0.14537 -0.138269
-0.155435 -0.179025
-0.170126 -0.191186
-0.194426 -0.217512
-0.221322 -0.251431
-0.22458 -0.253786
-0.219209 -0.241644
-0.219509 -0.243065
-0.218304 -0.239134
-0.206539 -0.233446
-0.206833 -0.228822
-0.201477 -0.232085
-0.192533 -0.217614
-0.288885 -0.207284
-0.30228 -0.217525
-0.301817 -0.210437
-0.318171 -0.234035
-0.330564 -0.24602
-0.326067 -0.26713
-0.325897 -0.26713
-0.325727 -0.26713
-0.336986 -0.314399
-0.352656 -0.322382
-0.352533 -0.314574
-0.352287 -0.314574
-0.377391 -0.357352
-0.38527 -0.378809
-0.391493 -0.404581
-0.391415 -0.401049
-0.400831 -0.409811
-0.393559 -0.397971
-0.393551 -0.401023
-0.393547 -0.401023
-0.393177 -0.398149
-0.386873 -0.387786
-0.386899 -0.387786
-0.366814 -0.367304
-0.352537 -0.352111
-0.344758 -0.341778
-0.336178 -0.329221
-0.336226 -0.324923
-0.336371 -0.328881
-0.326831 -0.315204
-0.317748 -0.29338
-0.308538 -0.29265
-0.299364 -0.280561
-0.291475 -0.271081
-0.283511 -0.261045
-0.275761 -0.252719
-0.27147 -0.244167
-0.257278 -0.234002
-0.257298 -0.234002
-0.251847 -0.229653
-0.250307 -0.229377
-0.25089 -0.230224
-0.250809 -0.230182
-0.250829 -0.233687
-0.255721 -0.24237
-0.25807 -0.245613
-0.260925 -0.249764
-0.260932 -0.251222
-0.264163 -0.254629
-0.264188 -0.254941
-0.26689 -0.259692
-0.384763 -0.2873
-0.389864 -0.293182
-0.485362 -0.406365
-0.519205 -0.48116
-0.535601 -0.484935
-0.546178 -0.539026
-0.564458 -0.5518
-0.606793 -0.64786
-0.609271 -0.647387
-0.640758 -0.653377
-0.630084 -0.655326
-0.641033 -0.660343
-0.622166 -0.650414
-0.582128 -0.592404
-0.593153 -0.58025
-0.562531 -0.573484
-0.523358 -0.508855
-0.516419 -0.517138
-0.492853 -0.4894
-0.475083 -0.466324
-0.439704 -0.416714
-0.44515 -0.415982
-0.460297 -0.404796
-0.429925 -0.382725
-0.423326 -0.354268
-0.411718 -0.348531
-0.383109 -0.328496
-0.392975 -0.340202
-0.384779 -0.338913
-0.388637 -0.347104
-0.376034 -0.324774
-0.386759 -0.342733
-0.394964 -0.357873
-0.406549 -0.363923
-0.40803 -0.362512
-0.319204 -0.388569
-0.306758 -0.393252
-0.275795 -0.375167
-0.251762 -0.287916
-0.228211 -0.222562
-0.217248 -0.21817
-0.207007 -0.194357
-0.202468 -0.170845
-0.202497 -0.175066
-0.199859 -0.170136
-0.198937 -0.167818
-0.198943 -0.170185
-0.206316 -0.195517
-0.220496 -0.194022
-0.240383 -0.219664
-0.247951 -0.232845
-0.263196 -0.254284
-0.301063 -0.297517
-0.310531 -0.306656
-0.314987 -0.312901
-0.325819 -0.318343
-0.325792 -0.319966
-0.325737 -0.31869
-0.328491 -0.320206
-0.328468 -0.321354
-0.328421 -0.320501
-0.328083 -0.314956
-0.327213 -0.313278
-0.324187 -0.306615
-0.324148 -0.302912
-0.321996 -0.30278
-0.319274 -0.298252
-0.316281 -0.288366
-0.313203 -0.288073
-0.31318 -0.288073
-0.198334 -0.2686
-0.0644061 -0.0757718
-0.0220351 -0.0116945
-0.00599509 0.0221723
0.0142257 0.0490873
0.0201198 0.0712431
0.0219843 0.0759588
0.0328808 0.0679459
0.0112853 0.0382968
0.0222423 0.0540216
0.0336275 0.054494
0.0208425 0.0397605
0.00580995 0.0202647
-0.020646 -0.000150583
-0.0479518 -0.0262933
-0.0730602 -0.0646756
-0.0620703 -0.0500044
-0.178393 -0.154947
-0.211788 -0.23792
-0.235003 -0.267557
-0.230631 -0.260495
-0.227396 -0.259838
-0.220397 -0.249358
-0.213637 -0.240092
-0.20499 -0.228359
-0.194583 -0.218039
-0.19351 -0.219668
-0.304779 -0.221801
-0.315811 -0.226
-0.34349 -0.261825
-0.343218 -0.26747
-0.351996 -0.302026
-0.360025 -0.319254
-0.373748 -0.339983
-0.379047 -0.357839
-0.378966 -0.373124
-0.383838 -0.387039
-0.380409 -0.382938
-0.366713 -0.364743
-0.361187 -0.362657
-0.361212 -0.361213
-0.348066 -0.34507
-0.332412 -0.316157
-0.32561 -0.306385
-0.318705 -0.303036
-0.318815 -0.306084
-0.312271 -0.288158
-0.292822 -0.272544
-0.281719 -0.260962
-0.281778 -0.256592
-0.27235 -0.248084
-0.272375 -0.250556
-0.2724 -0.250556
-0.272449 -0.245383
-0.265985 -0.241428
-0.263102 -0.242151
-0.263121 -0.240076
-0.260859 -0.239028
-0.259193 -0.235015
-0.25808 -0.233914
-0.257477 -0.236651
-0.257612 -0.236547
-0.259558 -0.241585
-0.262944 -0.251736
-0.265407 -0.253036
-0.268536 -0.256905
-0.271893 -0.262924
-0.279758 -0.273734
-0.279776 -0.276288
-0.390231 -0.281872
-0.400454 -0.289325
-0.419729 -0.301562
-0.424873 -0.30104
-0.439137 -0.326289
-0.508634 -0.427127
-0.563871 -0.53695
-0.589707 -0.571462
-0.601425 -0.59982
-0.620162 -0.649133
-0.607367 -0.635544
-0.605495 -0.633717
-0.604159 -0.624916
-0.604625 -0.609143
-0.574929 -0.586541
-0.580434 -0.57065
-0.576458 -0.575003
-0.531531 -0.501432
-0.50514 -0.49604
-0.480324 -0.474456
-0.451565 -0.43202
-0.43671 -0.410819
-0.442147 -0.42905
-0.427688 -0.413183
-0.438561 -0.410442
-0.444007 -0.413988
-0.430108 -0.395199
-0.392085 -0.334255
-0.402897 -0.360008
-0.408314 -0.366017
-0.413737 -0.346309
-0.389735 -0.342133
-0.378553 -0.322665
-0.383939 -0.328396
-0.369322 -0.310305
-0.374694 -0.322654
-0.380073 -0.326197
-0.385458 -0.328166
-0.385393 -0.320153
-0.395379 -0.337893
-0.404186 -0.350452
-0.408716 -0.353242
-0.419487 -0.364445
-0.416492 -0.3781
-0.421875 -0.378508
-0.416937 -0.380634
-0.422304 -0.389059
-0.428635 -0.394753
-0.418927 -0.411902
-0.430588 -0.422916
-0.43595 -0.417841
-0.452075 -0.438037
-0.319091 -0.416541
-0.30001 -0.405523
-0.284459 -0.38043
-0.284848 -0.375949
-0.25529 -0.315775
-0.255581 -0.315775
-0.222736 -0.257214
-0.222827 -0.257214
-0.222918 -0.235883
-0.212333 -0.231825
-0.203383 -0.200844
-0.189568 -0.164767
-0.189583 -0.164767
-0.192301 -0.163619
-0.19176 -0.165226
-0.195525 -0.173396
-0.217756 -0.200184
-0.217699 -0.198747
-0.223824 -0.205532
-0.237679 -0.225335
-0.268461 -0.265572
-0.301193 -0.299422
-0.3068 -0.307099
-0.311824 -0.313874
-0.320104 -0.319595
-0.320068 -0.319595
-0.322968 -0.322435
-0.322934 -0.322435
-0.3251 -0.324585
-0.326612 -0.32476
-0.326532 -0.319135
-0.326478 -0.319135
-0.326272 -0.316959
-0.32536 -0.313819
-0.324021 -0.311766
-0.323997 -0.311324
-0.322041 -0.308325
-0.314623 -0.293608
-0.314574 -0.295833
-0.311607 -0.290932
-0.196777 -0.281056
-0.186528 -0.271258
-0.14345 -0.216021
-0.119244 -0.179981
-0.108809 -0.171381
-0.0535103 -0.0939214
-0.0229069 -0.0265265
-0.00574915 0.00836836
-0.00689609 -5.49668e-05
0.0215446 0.0542169
0.0280862 0.0570103
0.00941531 0.0391839
0.0149082 0.0457528
0.0314274 0.0382368
0.000691807 0.0188709
0.00542282 0.0222687
0.0109446 0.0239565
0.022008 0.0189773
-0.00679751 0.00155051
-0.0690986 -0.0647548
-0.063613 -0.0463439
-0.0581208 -0.0449525
-0.0526217 -0.0360746
-0.0831608 -0.0720683
-0.0776648 -0.0909367
-0.104072 -0.0960799
-0.0931031 -0.0903304
-0.124638 -0.109171
-0.131192 -0.144693
-0.154343 -0.168709
0.609984 0.643522
0.583019 0.626808
0.556467 0.546017
0.526146 0.459749
0.495537 0.413716
0.405822 0.384218
0.362222 0.367387
0.364746 0.372302
0.262552 0.303076
0.265963 0.291017
0.125351 0.155095
0.126313 0.15489
0.0659879 0.093577
0.0668673 0.0934979
0.00690708 0.0740238
-0.0594848 -0.0388339
-0.127223 -0.109605
-0.126709 -0.107503
-0.143054 -0.130894
-0.259112 -0.252951
-0.313773 -0.28008
-0.313729 -0.313228
-0.524342 -0.529847
-0.527345 -0.556443
-0.603212 -0.640096
-0.604703 -0.650035
-0.63219 -0.677902
-0.634484 -0.67516
-0.650953 -0.688702
-0.653464 -0.698708
-0.667005 -0.705838
-0.678468 -0.709291
-0.637614 -0.657389
-0.612096 -0.633327
-0.592952 -0.616898
-0.600453 -0.610142
-0.597262 -0.619012
-0.585702 -0.588653
-0.602149 -0.60528
-0.597023 -0.573802
-0.625375 -0.603201
-0.63479 -0.593538
-0.622786 -0.585872
-0.648659 -0.639294
-0.612026 -0.654484
-0.630281 -0.67359
-0.623627 -0.656817
-0.653275 -0.687999
-0.664539 -0.692402
-0.673586 -0.684609
-0.696618 -0.699366
-0.712179 -0.705003
-0.698157 -0.720971
-0.709846 -0.71349
-0.700678 -0.72916
-0.724077 -0.727038
-0.693922 -0.729405
-0.693458 -0.749417
-0.716465 -0.740764
-0.727956 -0.740217
-0.696728 -0.747653
-0.633814 -0.696091
-0.644777 -0.714043
-0.656724 -0.668737
-0.634224 -0.633765
-0.644289 -0.656989
-0.637788 -0.647879
-0.597061 -0.630007
-0.531383 -0.588943
-0.490109 -0.522043
-0.516069 -0.519573
-0.462007 -0.473051
-0.442616 -0.424099
-0.41005 -0.401411
-0.412445 -0.400546
-0.407046 -0.383465
-0.384495 -0.358505
-0.365137 -0.330628
-0.369457 -0.340007
-0.362325 -0.318799
-0.368664 -0.315748
-0.330072 -0.284261
-0.333492 -0.271
-0.334888 -0.267169
-0.321376 -0.249721
-0.322069 -0.23683
-0.303324 -0.218114
-0.2262 -0.12812
-0.187501 -0.101441
-0.181984 -0.0909825
-0.0105695 0.0573704
0.0765196 0.172897
0.13354 0.222332
0.146521 0.226584
0.192897 0.249068
0.316 0.361162
0.358302 0.428501
0.509676 0.538001
0.739882 0.725088
0.763477 0.77046
0.828687 0.8318
0.927226 0.928489
0.939448 0.95992
0.935171 0.95612
1 1.00884
0.978336 0.985452
0.92769 0.934251
0.920638 0.915617
0.699043 0.725719
0.706957 0.712982
0.571526 0.606132
0.482254 0.596179
0.498155 0.534958
0.423114 0.456629
0.406406 0.447041
0.361452 0.387225
0.283677 0.298746
0.286556 0.267783
0.050503 0.0240686
-0.0325761 -0.0689385
-0.0310458 -0.0728787
-0.0295578 -0.0727666
-0.132087 -0.0965941
-0.129617 -0.166751
-0.191677 -0.221843
-0.272439 -0.291163
-0.353989 -0.362267
-0.417512 -0.4151
-0.416508 -0.414395
-0.528213 -0.510534
-0.527884 -0.51138
-0.527554 -0.511378
-0.527223 -0.525544
-0.580797 -0.56014
-0.626135 -0.612102
-0.615096 -0.611839
-0.666905 -0.67675
-0.688319 -0.697887
-0.675768 -0.708732
-0.673621 -0.707895
-0.673738 -0.713588
-0.664752 -0.714289
-0.595983 -0.62624
-0.596242 -0.644148
-0.569465 -0.590954
-0.569769 -0.611973
-0.570408 -0.612904
-0.468319 -0.52741
-0.469835 -0.535768
-0.428144 -0.472223
-0.429326 -0.501805
-0.346565 -0.393482
-0.204826 -0.259729
-0.176003 -0.221996
-0.178701 -0.221792
-0.154811 -0.187205
-0.156473 -0.143663
-0.108736 -0.124732
-0.115827 -0.128387
-0.120901 -0.1363
-0.12507 -0.131912
-0.13878 -0.14378
-0.149183 -0.156599
-0.152547 -0.158854
-0.160112 -0.15989
-0.175771 -0.189682
-0.179989 -0.1889
-0.197255 -0.210281
-0.247503 -0.269928
-0.273549 -0.277268
-0.374583 -0.384637
-0.484644 -0.458078
-0.59042 -0.563448
-0.599334 -0.559163
-0.690016 -0.654692
-0.85123 -0.868854
-0.853044 -0.900296
-0.874784 -0.907209
-0.943951 -0.949437
-0.968618 -0.955009
-0.980328 -0.939575
-0.959185 -0.948616
-0.98154 -0.941679
-0.964176 -0.91319
-0.961659 -0.91711
-0.973183 -0.879744
-0.858179 -0.842524
-0.881785 -0.827857
-0.810241 -0.819938
-0.783568 -0.79948
-0.820024 -0.769241
-0.76584 -0.738638
-0.799139 -0.752026
-0.757125 -0.735583
-0.767939 -0.697918
-0.649342 -0.623434
-0.537534 -0.589929
-0.451881 -0.491431
-0.460886 -0.470855
-0.487949 -0.453164
-0.403493 -0.37553
-0.412008 -0.380721
-0.420487 -0.357509
-0.373557 -0.339784
-0.379558 -0.315176
-0.37215 -0.318704
-0.339106 -0.309928
-0.346329 -0.294253
-0.31812 -0.307986
-0.331788 -0.307642
-0.335981 -0.32656
-0.342044 -0.325754
-0.318414 -0.316616
-0.336893 -0.317475
-0.320538 -0.303823
-0.302175 -0.26042
-0.314483 -0.259823
-0.273769 -0.224425
-0.244106 -0.209861
-0.239921 -0.201706
-0.235391 -0.194569
-0.22257 -0.19127
-0.211998 -0.173445
-0.20627 -0.168211
-0.193076 -0.161312
-0.180063 -0.151313
0.0441661 0.0689828
0.129298 0.139425
0.305201 0.356448
0.377109 0.437709
0.449896 0.516853
0.545056 0.577938
0.608195 0.648907
0.715782 0.741125
0.803859 0.800306
0.868704 0.841566
0.921692 0.890047
0.940873 0.913747
0.968587 0.917459
0.910082 0.911531
0.926003 0.911337
0.910079 0.918666
0.876213 0.873733
0.902872 0.875228
0.867214 0.863924
0.891293 0.861685
0.902975 0.86736
0.805473 0.765573
0.632686 0.628011
0.652894 0.617549
0.476466 0.550864
0.423351 0.478478
0.349471 0.362708
0.263205 0.268191
0.269704 0.260933
0.188329 0.236684
0.194093 0.176945
0.199516 0.178027
0.0546147 0.00709218
-0.114321 -0.165134
-0.113028 -0.164979
-0.196238 -0.240323
-0.419263 -0.397519
-0.417762 -0.430146
-0.473395 -0.479017
-0.523432 -0.522971
-0.574469 -0.566626
-0.617264 -0.606113
-0.652379 -0.640405
-0.65229 -0.642109
-0.652104 -0.651172
-0.636098 -0.641715
-0.669358 -0.706977
-0.675716 -0.724822
-0.673363 -0.736603
-0.636536 -0.704707
-0.637141 -0.675118
-0.610396 -0.680667
-0.455722 -0.507505
-0.456836 -0.541561
-0.364609 -0.457064
-0.365092 -0.430399
-0.365594 -0.463845
-0.366118 -0.465297
-0.246748 -0.293933
-0.247519 -0.31279
-0.212565 -0.243725
-0.184302 -0.22377
-0.129132 -0.125162
-0.106299 -0.124813
-0.102568 -0.120308
-0.10418 -0.12186
-0.0920729 -0.0960145
-0.0938409 -0.106643
-0.0947951 -0.102107
-0.124356 -0.135585
-0.170558 -0.188457
-0.226088 -0.254299
-0.277819 -0.286678
-0.434678 -0.435127
-0.49774 -0.519245
-0.715936 -0.742161
-0.725548 -0.746724
-0.781102 -0.797687
-0.834694 -0.830751
-0.831589 -0.869574
-0.893398 -0.917476
-0.905658 -0.927324
-0.950856 -0.93648
-0.920854 -0.910988
-0.944611 -0.897867
-0.908482 -0.887424
-0.93231 -0.904392
-0.893117 -0.856917
-0.929026 -0.86124
-0.839321 -0.832647
-0.837398 -0.850091
-0.872926 -0.831053
-0.843011 -0.833859
-0.817279 -0.82818
-0.826399 -0.80647
-0.646958 -0.717975
-0.633954 -0.645522
-0.654904 -0.598958
-0.54412 -0.546486
-0.457829 -0.477664
-0.418651 -0.425015
-0.383634 -0.385529
-0.402478 -0.40891
-0.389129 -0.385089
-0.344968 -0.361841
-0.353564 -0.3468
-0.362133 -0.366093
-0.315307 -0.321127
-0.339235 -0.331008
-0.334732 -0.335526
-0.341303 -0.328836
-0.345071 -0.327176
-0.354493 -0.344931
-0.356018 -0.334607
-0.34644 -0.328585
-0.347047 -0.328551
-0.347426 -0.331189
-0.334868 -0.322464
-0.342716 -0.321444
-0.255182 -0.222207
-0.248985 -0.207312
-0.222781 -0.2043
-0.13371 -0.130056
0.0444258 0.0989382
0.168155 0.193477
0.21497 0.240991
0.23276 0.28465
0.250849 0.27762
0.48876 0.564955
0.617837 0.688981
0.65905 0.695741
0.64756 0.741293
0.771309 0.758364
0.795288 0.772287
0.860769 0.829592
0.935951 0.868424
0.916732 0.939867
0.902697 0.950575
0.948056 0.971628
0.907448 0.875037
0.7637 0.743767
0.782019 0.739562
0.724338 0.682563
0.661873 0.6366
0.596983 0.590232
0.231802 0.207283
0.234629 0.207951
0.0935537 0.0394433
-0.224857 -0.274856
-0.352395 -0.378963
-0.351161 -0.376461
-0.350556 -0.376454
-0.42301 -0.433111
-0.497938 -0.493868
-0.547126 -0.53504
-0.625685 -0.614829
-0.660365 -0.651188
-0.6602 -0.664732
-0.679914 -0.678381
-0.679632 -0.72152
-0.680559 -0.727119
-0.66132 -0.733496
-0.634755 -0.715501
-0.606751 -0.673066
-0.60699 -0.691687
-0.607485 -0.691959
-0.607742 -0.69232
-0.573801 -0.636964
-0.445454 -0.552402
-0.269174 -0.354892
-0.194849 -0.242316
-0.196776 -0.248993
-0.139013 -0.149433
-0.135396 -0.129418
-0.11235 -0.122063
-0.102447 -0.113336
-0.104646 -0.106163
-0.118844 -0.128826
-0.132901 -0.147887
-0.151791 -0.163959
-0.25079 -0.282103
-0.353284 -0.348751
-0.495125 -0.473138
-0.511334 -0.472985
-0.550283 -0.517548
-0.634537 -0.623973
-0.724977 -0.71735
-0.825307 -0.804489
-0.854635 -0.840935
-0.896476 -0.86032
-0.87397 -0.905558
-0.91846 -0.920411
-0.922775 -0.929445
-0.931719 -0.919951
-0.954775 -0.935952
-0.9589 -0.940335
-0.91462 -0.909031
-0.949911 -0.926944
-0.946057 -0.930799
-0.925742 -0.912923
-0.937662 -0.90065
-0.961556 -0.921852
-0.97353 -0.902698
-0.935752 -0.911181
-0.886769 -0.856861
-0.86609 -0.85792
-0.877014 -0.867752
-0.80953 -0.842804
-0.821377 -0.81832
-0.833221 -0.843093
-0.82103 -0.832258
-0.637778 -0.659853
-0.670371 -0.63971
-0.575512 -0.606663
-0.59615 -0.58244
-0.554376 -0.486884
-0.479686 -0.466011
-0.488665 -0.469327
-0.438227 -0.442647
-0.369684 -0.384313
-0.350476 -0.383761
-0.372402 -0.377959
-0.363423 -0.353725
-0.374704 -0.36714
-0.334301 -0.325231
-0.349771 -0.354757
-0.338046 -0.344101
-0.351561 -0.353934
-0.355753 -0.353681
-0.339111 -0.352873
-0.342742 -0.331993
-0.334183 -0.317448
-0.303172 -0.279748
-0.296439 -0.257981
-0.293177 -0.252114
-0.241239 -0.186961
-0.228403 -0.164262
0.82656 0.812243
0.842124 0.796713
0.856081 0.656163
0.853662 0.716204
0.843213 0.751662
0.827416 0.775994
0.830181 0.815666
0.800482 0.790152
0.804607 0.790152
0.768447 0.794126
0.644712 0.58133
0.583212 0.511794
0.585761 0.497029
0.550119 0.449973
0.489966 0.405438
0.430382 0.384529
0.296517 0.318809
0.222778 0.273581
0.224819 0.277516
0.112137 0.202842
0.113082 0.200781
0.114026 0.200781
-0.0241635 0.0805122
-0.168214 -0.0679788
-0.16754 -0.0679788
-0.381362 -0.307591
-0.380459 -0.307591
-0.434546 -0.327248
-0.433774 -0.365016
-0.489004 -0.421675
-0.575681 -0.528014
-0.611579 -0.590144
-0.611453 -0.583381
-0.639144 -0.625577
-0.647718 -0.638963
-0.638498 -0.617786
-0.617616 -0.577285
-0.593248 -0.504236
-0.528745 -0.448728
-0.49532 -0.444691
-0.457555 -0.412787
-0.376389 -0.346045
-0.332654 -0.304865
-0.293672 -0.227509
-0.256797 -0.223829
-0.256856 -0.223829
-0.222697 -0.164872
-0.222738 -0.18334
-0.222819 -0.18334
-0.159485 -0.0644213
-0.085566 -0.0145791
-0.0854444 -0.0145791
-0.0740787 0.000661169
-0.0755272 0.0020999
-0.0752926 0.00255298
-0.0723605 0.00320413
-0.0818222 -0.0145897
-0.0816075 -0.0114768
-0.098484 -0.0407051
-0.110744 -0.0519187
-0.110519 -0.0519187
-0.125952 -0.0791615
-0.142622 -0.0966684
-0.15711 -0.116673
-0.156803 -0.118603
-0.195366 -0.17511
-0.195194 -0.167786
-0.260859 -0.245841
-0.28384 -0.269878
-0.335686 -0.356387
-0.335699 -0.344664
-0.36899 -0.398003
-0.369057 -0.390756
-0.369125 -0.390756
-0.397326 -0.433714
-0.397389 -0.433714
-0.410026 -0.46165
-0.410105 -0.456998
-0.410185 -0.456998
-0.410265 -0.456998
-0.410344 -0.472012
-0.422687 -0.482353
-0.427212 -0.478834
-0.427326 -0.478834
-0.427081 -0.476615
-0.427201 -0.477875
-0.427442 -0.477454
-0.421995 -0.468586
-0.416431 -0.459911
-0.408831 -0.444113
-0.390828 -0.411953
-0.369697 -0.389192
-0.357004 -0.364378
-0.35725 -0.371251
-0.345703 -0.354174
-0.320846 -0.318731
-0.302376 -0.292142
-0.281639 -0.26531
-0.281721 -0.26531
-0.253896 -0.236729
-0.247803 -0.229016
-0.242805 -0.22331
-0.235656 -0.211941
-0.23575 -0.214453
-0.235758 -0.213677
-0.236656 -0.215081
-0.236712 -0.214229
-0.238787 -0.220643
-0.245443 -0.226892
-0.254338 -0.240866
-0.277047 -0.273597
-0.281404 -0.27988
-0.281447 -0.280234
-0.287356 -0.288582
-0.293398 -0.299345
-0.3075 -0.316908
-0.312315 -0.319896
-0.316728 -0.326035