Linear regression parameters:
Intercept: 0.000730027
Slope: 0.978614
Correlation: 0.987177
Target-output data:
submatrix_0
-0.0189181 -0.0242841
-0.0192666 -0.0248922
-0.0194888 -0.0253638
-0.0195259 -0.0265896
-0.0195473 -0.0265896
-0.0195396 -0.0264887
-0.0194902 -0.0265732
-0.019413 -0.0255871
-0.0193141 -0.0252838
-0.0192239 -0.0254637
-0.019224 -0.02551
-0.0190089 -0.0254292
-0.0187913 -0.0252888
-0.0186699 -0.0243359
-0.0184424 -0.023369
-0.0183404 -0.024128
-0.01834 -0.0240318
-0.0182565 -0.0238819
-0.0182114 -0.0227704
-0.0182108 -0.0234325
-0.0180882 -0.0234403
-0.0180552 -0.0230629
-0.0180333 -0.0232499
-0.0180559 -0.0229898
-0.0180923 -0.0238656
-0.0181305 -0.0235962
-0.0181677 -0.0242433
-0.0182075 -0.0242339
-0.0183514 -0.0245321
-0.0183841 -0.0243179
-0.0183831 -0.0243179
-0.0184086 -0.0252388
-0.0184071 -0.0252243
-0.0184201 -0.0250998
-0.0184196 -0.0242685
-0.0184006 -0.0225848
-0.018426 -0.023427
-0.0185451 -0.0221999
-0.0188752 -0.0218833
-0.0190343 -0.0217918
-0.0194324 -0.0226771
-0.0199353 -0.0253186
-0.0201364 -0.0255461
-0.0204597 -0.0255424
-0.0207267 -0.0248327
-0.0208343 -0.0247115
-0.0209194 -0.0246458
-0.020921 -0.0234463
-0.0209995 -0.0235008
-0.0210951 -0.0224809
-0.0213881 -0.0259327
-0.0213925 -0.0258304
-0.0215395 -0.0284223
-0.0216619 -0.0277983
-0.0216645 -0.0278146
-0.0216684 -0.0276357
-0.0214438 -0.0302205
-0.0206424 -0.0259023
-0.0206494 -0.0248123
-0.0203457 -0.0249798
-0.0203522 -0.0249798
-0.0197421 -0.0238825
-0.0189946 -0.0212573
-0.0185479 -0.0222301
-0.0185792 -0.0227236
-0.0185799 -0.0227236
-0.0186242 -0.0223245
-0.018901 -0.0235682
-0.019041 -0.0239416
-0.0190415 -0.023877
-0.0191874 -0.0246544
-0.0193261 -0.0243435
-0.0193267 -0.0242776
-0.019745 -0.0246535
-0.0197474 -0.0246535
-0.0198721 -0.0253075
-0.0198739 -0.0252224
-0.0199825 -0.0255434
-0.0200748 -0.0255266
-0.020151 -0.0256563
-0.0201541 -0.0242393
-0.0202087 -0.024764
-0.0202109 -0.0239397
-0.0202594 -0.0239377
-0.0203127 -0.0240142
-0.0203164 -0.0242432
-0.0203375 -0.0237908
-0.0203574 -0.0246128
-0.0203587 -0.0246291
-0.0204171 -0.0261124
-0.0204047 -0.0256566
-0.020351 -0.0255393
-0.0203553 -0.0255566
-0.0203127 -0.0244327
-0.0201915 -0.0272516
-0.0201957 -0.0267126
-0.0200882 -0.0266873
-0.0199982 -0.0266194
-0.0200007 -0.0267312
-0.0197067 -0.0262268
-0.0195649 -0.0251728
-0.0192617 -0.0234228
-0.0191043 -0.0220348
-0.0190072 -0.0218614
-0.0190083 -0.0219229
-0.0189131 -0.0236387
-0.0188609 -0.0243186
-0.0188696 -0.0244631
-0.018794 -0.026413
-0.0187453 -0.0264186
-0.0187453 -0.0264186
-0.0182939 -0.0246847
-0.0181548 -0.0249745
-0.0181542 -0.0248625
-0.018016 -0.0239646
-0.0179635 -0.023905
-0.0177095 -0.0241154
-0.017321 -0.023344
-0.0173196 -0.0230563
-0.0173182 -0.0230003
-0.0171235 -0.0228895
-0.0170538 -0.0224115
-0.0169484 -0.0229445
-0.0169427 -0.0233105
-0.0169349 -0.0237542
-0.0169329 -0.0237603
-0.0169447 -0.0237603
-0.0169387 -0.0245711
-0.0169499 -0.0245711
-0.0169079 -0.0259644
-0.016845 -0.0256472
-0.0168402 -0.0256543
-0.0167508 -0.0246476
-0.0165625 -0.0240621
-0.0165599 -0.0240621
-0.0163869 -0.0237249
-0.016301 -0.0227968
-0.0162583 -0.0219369
-0.0162345 -0.0214248
-0.0162314 -0.0214091
-0.0162253 -0.0214246
-0.0162752 -0.0212259
-0.0162691 -0.0227083
-0.0164403 -0.0226846
-0.0164373 -0.0226479
-0.0164313 -0.0216007
-0.0165283 -0.0215791
-0.0166595 -0.0223079
-0.0167989 -0.0228515
-0.0167961 -0.0227691
-0.0167933 -0.0227691
-0.0169575 -0.0235732
-0.0174774 -0.0244082
-0.017585 -0.0235462
-0.0176289 -0.0235462
-0.0176242 -0.0247696
-0.0177226 -0.0247048
-0.0177918 -0.0242209
-0.0179635 -0.0232233
-0.0180649 -0.0238716
-0.0180633 -0.0246122
-0.0181233 -0.0245051
-0.0181044 -0.0246606
-0.0180848 -0.0240652
-0.0179679 -0.0262049
-0.0178156 -0.0256544
-0.0178142 -0.0256966
-0.0178113 -0.0256966
-0.0176963 -0.0252156
-0.0176933 -0.0252713
-0.0175586 -0.0245734
-0.0172404 -0.0246193
-0.0168193 -0.0245784
-0.0157073 -0.023666
-0.0156231 -0.0236632
-0.0155712 -0.0236676
-0.015524 -0.0224222
-0.0154938 -0.0224608
-0.0155627 -0.022456
-0.0155563 -0.0224411
-0.0157195 -0.0227954
-0.016191 -0.022663
-0.0163825 -0.0244039
-0.0164837 -0.0248333
-0.0164779 -0.0242526
-0.0168086 -0.0235812
-0.0171445 -0.026166
-0.0173117 -0.0261374
-0.0173049 -0.0261374
-0.017599 -0.0256088
-0.0176626 -0.0243571
-0.0177759 -0.028054
-0.0177263 -0.0277733
-0.0177247 -0.0277839
-0.0176354 -0.0263662
-0.0176322 0.338494
0.999664 1.0225
0.994637 0.999444
0.927667 0.789702
0.924714 0.749704
0.882802 0.735039
0.876373 0.723733
0.835296 0.69009
0.644186 0.596183
0.503566 0.50005
0.432407 0.464496
0.407821 0.410832
0.0694594 0.162769
-0.0702138 0.0373683
-0.29063 -0.191134
-0.29936 -0.245814
-0.351485 -0.264573
-0.435954 -0.339792
-0.445225 -0.341724
-0.509143 -0.394705
-0.616212 -0.51818
-0.713502 -0.693482
-0.723638 -0.691263
-0.771833 -0.815558
-0.792573 -0.814173
-0.819742 -0.88718
-0.883674 -0.909754
-0.896692 -0.919267
-0.907578 -0.931894
-0.953434 -0.937161
-0.955067 -0.924985
-0.971683 -0.909884
-0.94914 -0.910131
-0.774742 -0.698281
-0.762464 -0.712586
-0.783873 -0.701698
-0.751384 -0.709892
-0.673402 -0.686197
-0.714625 -0.677593
-0.547779 -0.523086
-0.557599 -0.535118
-0.500837 -0.471139
-0.510406 -0.489931
-0.449977 -0.46847
-0.47773 -0.450207
-0.404396 -0.432465
-0.413361 -0.38987
-0.422268 -0.40302
-0.365021 -0.356929
-0.373562 -0.367941
-0.252281 -0.214302
-0.00502928 -0.0319021
-0.0111231 -0.0500994
0.149059 0.123392
0.194899 0.186614
0.191539 0.17907
0.185098 0.173604
0.158959 0.163301
0.174502 0.177544
0.172059 0.172033
0.169712 0.172441
0.167462 0.1707
0.177323 0.141902
0.16045 0.153533
0.159636 0.146134
0.158407 0.14519
0.151595 0.130193
0.128621 0.120502
0.128905 0.119816
0.129291 0.109286
0.124179 0.113804
0.12592 0.0853789
0.0899754 0.0666227
0.092061 0.0569595
0.0827648 0.0312415
0.0869115 0.0286589
0.10729 0.0306556
0.108517 0.0329976
0.130656 0.0558061
0.164401 0.108646
0.179898 0.108143
0.188448 0.132133
0.196535 0.138373
0.213542 0.154455
0.307259 0.275963
0.36061 0.304991
0.380862 0.352894
0.392681 0.364709
0.403361 0.371771
0.402105 0.386453
0.434529 0.396071
0.401242 0.374392
0.418537 0.37862
0.381439 0.345189
0.364626 0.330849
0.385998 0.352131
0.357749 0.312698
0.368306 0.33167
0.339989 0.298864
0.279407 0.239617
0.308851 0.238015
0.243116 0.213201
0.271861 0.243216
0.246563 0.209662
0.195189 0.163787
0.212724 0.191663
0.160005 0.168951
0.164153 0.145603
0.180144 0.130553
0.136015 0.114379
0.151502 0.130931
0.139024 0.123143
0.0921448 0.106366
0.0889082 0.0802314
0.10207 0.0817733
0.110857 0.0986824
0.0941784 0.0821115
0.0893084 0.0815747
0.0241511 0.0156085
0.0119669 0.0178753
-0.00794718 -0.00165446
-0.0261597 -0.0181662
-0.0209158 -0.0100445
-0.0184375 -0.00697675
-0.037669 -0.0259779
-0.0168422 -0.0160818
-0.0319015 -0.0231238
-0.0572776 -0.0434981
-0.0561045 -0.0424935
-0.067686 -0.0372434
-0.0803719 -0.0500882
-0.0811582 -0.0494172
-0.0971001 -0.0661271
-0.11758 -0.0896216
-0.146688 -0.10849
-0.164203 -0.129835
-0.180609 -0.13728
-0.218793 -0.162733
-0.226242 -0.181557
-0.234952 -0.197474
-0.243034 -0.214632
-0.255856 -0.215619
-0.27065 -0.223713
-0.351605 -0.287418
-0.339599 -0.328725
-0.3484 -0.319949
-0.375219 -0.33935
-0.393028 -0.347547
-0.415604 -0.357453
-0.418466 -0.415835
-0.438534 -0.413697
-0.4492 -0.416663
-0.459906 -0.414773
-0.428548 -0.403444
-0.439379 -0.417816
-0.45923 -0.434289
-0.37839 -0.380234
-0.362424 -0.374187
-0.384392 -0.386435
-0.347169 -0.37248
-0.363184 -0.354777
-0.409657 -0.364579
-0.347766 -0.332813
-0.358209 -0.342548
-0.286682 -0.287777
-0.286745 -0.273293
-0.256119 -0.242851
-0.275211 -0.282533
-0.294139 -0.289663
-0.261207 -0.265849
-0.266761 -0.264954
-0.239893 -0.249826
-0.256527 -0.239074
-0.239212 -0.228727
-0.215189 -0.212361
-0.171931 -0.178901
-0.167016 -0.192263
-0.173151 -0.191501
-0.158412 -0.18482
-0.134403 -0.168463
-0.145242 -0.172486
-0.150536 -0.175001
-0.155748 -0.179058
-0.141605 -0.164858
-0.113883 -0.156056
-0.122985 -0.148265
-0.104072 -0.129012
-0.0817525 -0.100617
-0.0829094 -0.106866
-0.0320372 -0.0703938
-0.00654288 -0.0344375
-0.0071376 -0.0357076
0.0278705 -0.00217946
0.0267136 -0.00123447
0.0602451 0.0361672
0.101652 0.063987
0.115161 0.0796135
0.145926 0.109193
0.167359 0.127511
0.18909 0.156083
0.275432 0.245505
0.31767 0.269767
0.351798 0.299145
0.354439 0.307925
0.353017 0.308039
0.38059 0.322621
0.400424 0.353686
0.390387 0.35472
0.411029 0.356386
0.395041 0.3627
0.416049 0.354473
0.375563 0.34437
0.402553 0.334742
0.371775 0.341973
0.298349 0.281974
0.307653 0.291825
0.261347 0.235031
0.282968 0.263428
0.254519 0.233177
0.209451 0.175085
0.196185 0.171993
0.212125 0.193692
0.210394 0.185696
0.237602 0.220527
0.213088 0.19673
0.221904 0.208246
0.209056 0.199217
0.217539 0.209662
0.195969 0.197233
0.186717 0.190839
0.162188 0.167363
0.169432 0.177325
0.160928 0.175551
0.184789 0.195502
0.142334 0.162146
0.122095 0.135626
0.127667 0.1407
0.124517 0.134082
0.0998238 0.110226
0.0706492 0.106611
0.0492639 0.0667633
-0.00576486 0.0108463
-0.00386565 0.0219105
-0.00206487 0.0255769
-0.0213361 -0.005821
-0.084828 -0.0547451
-0.0957762 -0.064187
-0.0992223 -0.0815424
-0.115447 -0.0871139
-0.117236 -0.0877174
-0.155569 -0.127397
-0.202455 -0.156935
-0.196087 -0.156936
-0.216229 -0.171727
-0.267525 -0.205528
-0.273501 -0.22406
-0.303044 -0.24897
-0.309829 -0.251411
-0.308703 -0.259048
-0.315746 -0.268453
-0.334206 -0.286114
-0.349689 -0.294031
-0.35755 -0.295809
-0.356779 -0.315599
-0.374781 -0.320372
-0.358357 -0.350332
-0.394667 -0.339173
-0.375871 -0.367323
-0.385385 -0.377883
-0.388385 -0.374387
-0.398167 -0.383058
-0.434997 -0.399277
-0.411765 -0.410553
-0.40091 -0.404019
-0.411636 -0.400202
-0.422397 -0.389351
-0.390726 -0.379225
-0.423188 -0.382188
-0.403673 -0.398438
-0.376662 -0.387786
-0.387574 -0.364133
-0.428816 -0.400091
-0.418459 -0.398224
-0.440551 -0.40111
-0.388628 -0.354931
-0.411738 -0.375189
-0.390723 -0.362948
-0.326623 -0.304976
-0.337004 -0.322384
-0.289036 -0.274566
-0.299113 -0.299089
-0.274868 -0.264158
-0.292637 -0.258557
-0.252636 -0.261878
-0.29128 -0.261309
-0.268731 -0.26548
-0.251783 -0.228559
-0.218651 -0.22995
-0.179229 -0.190947
-0.171878 -0.167836
-0.156492 -0.176736
-0.101054 -0.128199
-0.10603 -0.134058
-0.0913115 -0.115373
-0.0692112 -0.085526
-0.0800069 -0.104229
-0.0397907 -0.0802151
-0.0286236 -0.0596222
-0.0186202 -0.0458079
0.0106702 -0.0134286
0.00934741 -0.00226427
0.028217 0.00278487
0.0450269 0.0132302
0.0529914 0.0352965
0.0540169 0.0286803
0.0709051 0.0441443
0.0725715 0.0448818
0.0933349 0.0770395
0.123157 0.0965134
0.134629 0.103364
0.141498 0.10296
0.148766 0.114817
0.157817 0.118192
0.170571 0.136925
0.183807 0.146122
0.202949 0.160094
0.229603 0.184062
0.248727 0.207188
0.247774 0.210319
0.260873 0.220464
0.267554 0.220557
0.257572 0.227386
0.281522 0.237731
0.306519 0.262272
0.298865 0.270282
0.320382 0.291395
0.309937 0.296484
0.309571 0.298806
0.328281 0.310507
0.347239 0.304035
0.320372 0.302632
0.30859 0.313588
0.586303 0.692374
0.565335 0.656609
0.546258 0.632327
0.551231 0.60595
0.456243 0.522228
0.360923 0.45229
0.366751 0.456752
0.250515 0.357161
0.180372 0.295333
0.145439 0.243982
0.0727517 0.24788
0.0866315 0.170806
0.00393523 0.0491903
-0.0481361 -0.00260046
-0.0961703 0.00319717
-0.0879014 -0.0384213
-0.0624379 -0.0491979
-0.101482 -0.111924
-0.141891 -0.0878733
-0.120649 -0.148612
-0.0850558 -0.147666
-0.0282503 -0.109373
0.0922259 -0.0369225
0.110476 0.0291853
0.152823 0.0843239
0.190493 0.113971
0.197198 0.116576
0.23755 0.155822
0.249764 0.177373
0.262745 0.195959
0.256967 0.210593
0.256654 0.219962
0.234472 0.214837
0.231265 0.216263
0.216169 0.214542
0.212161 0.21028
0.110233 0.146903
0.0607563 0.10282
0.043736 0.102219
0.0349106 0.0761778
-0.0863596 -0.00253482
-0.389817 -0.258366
-0.456739 -0.316148
-0.477601 -0.319103
-0.587916 -0.438333
-0.597576 -0.448297
-0.663681 -0.597573
-0.67473 -0.656907
-0.695453 -0.719376
-0.663952 -0.721638
-0.598218 -0.656307
-0.604603 -0.65681
-0.543614 -0.582545
-0.514744 -0.539282
-0.421059 -0.48222
-0.441403 -0.432255
-0.378664 -0.386395
-0.303071 -0.368898
-0.307804 -0.309338
-0.231568 -0.212121
-0.180111 -0.192709
-0.186774 -0.192169
-0.191013 -0.15535
-0.154945 -0.1176
-0.108298 -0.088079
-0.120511 -0.111989
-0.0842523 -0.0688995
-0.00574653 -0.00747119
0.0299812 0.048646
0.0261691 0.0632773
0.0716271 0.0863189
0.06433 0.0847455
0.0605319 0.0780189
0.0621877 0.0854354
0.0539592 0.0859815
0.0462801 0.0729695
0.017429 0.0356519
-0.0637686 -0.0378853
-0.0673445 -0.0335305
-0.0817772 -0.0524043
-0.0983377 -0.0807559
-0.104916 -0.0901761
-0.128495 -0.139586
-0.157065 -0.15156
-0.168741 -0.192193
-0.169402 -0.194893
-0.171515 -0.201207
-0.182824 -0.218659
-0.184496 -0.228364
-0.174882 -0.233064
-0.180243 -0.234022
-0.170731 -0.23523
-0.175067 -0.241849
-0.162484 -0.233101
-0.164227 -0.243565
-0.13023 -0.221928
-0.0945647 -0.170909
-0.0959107 -0.195906
-0.0775278 -0.180687
-0.0568256 -0.155815
-0.0570934 -0.157126
-0.0573389 -0.154847
-0.0361819 -0.13195
-0.0295826 -0.115159
0.0068993 -0.0522551
0.0270785 -0.0336326
0.0316095 -0.0518326
0.0339008 -0.0211861
0.0494228 -0.0092023
0.0937412 0.0509121
0.102701 0.0675421
0.104742 0.0584776
0.166671 0.163748
0.182897 0.204168
0.190669 0.213711
0.187122 0.216393
0.195079 0.221502
0.197912 0.226374
0.199704 0.236576
0.206829 0.246975
0.210992 0.246469
0.201777 0.246034
0.204472 0.241386
0.216939 0.246151
0.198584 0.250239
0.210975 0.256569
0.215105 0.247425
0.201346 0.248672
0.20546 0.250526
0.210537 0.250571
0.210914 0.242502
0.210469 0.233905
0.155298 0.204456
0.151701 0.19585
0.15598 0.201603
0.16028 0.201192
0.140207 0.178283
0.143689 0.152364
0.136237 0.145247
0.135806 0.144506
0.14639 0.138246
0.131002 0.149343
0.122742 0.131761
0.128889 0.143568
0.122286 0.148573
0.128724 0.130678
0.135247 0.152692
0.151024 0.157777
0.20297 0.186214
0.21148 0.199258
0.20599 0.199342
0.214804 0.201934
0.2294 0.209427
0.25568 0.219927
0.248604 0.230822
0.268742 0.254807
0.278957 0.258997
0.291814 0.275614
0.279065 0.274497
0.299622 0.28284
0.306438 0.286967
0.31729 0.301667
0.353132 0.302545
0.378116 0.319167
0.388455 0.318104
0.398673 0.324028
0.355743 0.31435
0.373778 0.299231
0.382464 0.30444
0.334089 0.244422
0.339731 0.244691
0.269696 0.175085
0.217291 0.127819
0.217207 0.0886782
0.00882703 -0.0485149
0.0034522 -0.0511655
-0.089142 -0.163769
-0.178037 -0.226695
-0.262061 -0.253895
-0.400591 -0.352587
-0.531662 -0.484394
-0.663066 -0.606408
-0.704944 -0.667952
-0.745288 -0.726652
-0.755539 -0.734933
-0.764171 -0.78073
-0.773241 -0.736037
-0.72654 -0.716608
-0.492476 -0.523415
-0.498854 -0.542
-0.465425 -0.534589
-0.425914 -0.491038
-0.431732 -0.457933
-0.39631 -0.424569
-0.264017 -0.283617
-0.268764 -0.287093
-0.228412 -0.241086
-0.233003 -0.24563
-0.226658 -0.232771
-0.191601 -0.19605
-0.151983 -0.151005
-0.102737 -0.0842425
-0.10686 -0.106826
-0.0845744 -0.0806951
-0.0521376 -0.050416
-0.0561069 -0.0508002
0.00706054 0.0238516
0.02938 0.0562571
0.0332422 0.0542383
0.045328 0.0789957
0.0415136 0.0662321
0.0528841 0.0825255
0.0490721 0.0767172
0.052155 0.0850187
0.0483409 0.0777818
0.0187766 0.0458181
-0.0182131 0.0137398
-0.0827633 -0.0541009
-0.096133 -0.0816695
-0.103061 -0.0832211
-0.145268 -0.137316
-0.157268 -0.159644
-0.175328 -0.20267
-0.179356 -0.211309
-0.185604 -0.21382
-0.187285 -0.235909
-0.180447 -0.229729
-0.182971 -0.240296
-0.163953 -0.230786
-0.16164 -0.22992
-0.127863 -0.204731
-0.112021 -0.190999
-0.0921591 -0.181282
-0.0739219 -0.163022
-0.0493204 -0.115268
-0.0495529 -0.106091
-0.0310706 -0.0978202
-0.0307577 -0.10388
-0.00987356 -0.0877228
-0.00943125 -0.0597184
0.0157705 -0.0556615
0.0912544 0.0492334
0.117111 0.0897657
0.127742 0.0991064
0.170289 0.190757
0.173951 0.189147
0.174739 0.203176
0.18231 0.20508
0.186141 0.208187
0.18963 0.224094
0.197645 0.235877
0.209276 0.245119
0.198478 0.239127
0.207318 0.23981
0.217704 0.252387
0.222177 0.259648
0.214949 0.253909
0.207487 0.255146
0.219852 0.259869
0.211608 0.257185
0.206899 0.253744
0.215108 0.259135
0.18152 0.248435
0.189731 0.225601
0.164988 0.197457
0.138074 0.197797
0.140773 0.169989
0.12991 0.176858
0.112616 0.147235
0.105206 0.135029
0.0989273 0.122041
0.107992 0.100076
0.10863 0.11075
0.122916 0.131335
0.175272 0.152528
0.180524 0.181196
0.248123 0.22379
0.314377 0.286567
0.296376 0.28922
0.366286 0.314857
0.39425 0.322549
0.415173 0.326612
0.41259 0.327177
0.396901 0.311073
0.412638 0.304121
0.376463 0.289592
0.335053 0.246632
0.338519 0.248014
0.293797 0.210166
0.236863 0.163484
0.23608 0.103369
0.00606528 -0.0433003
-0.00410598 -0.0470043
-0.358304 -0.321355
-0.388033 -0.348237
-0.459064 -0.406383
-0.549609 -0.478086
-0.704788 -0.638102
-0.759636 -0.718665
-0.747654 -0.740754
-0.727144 -0.754053
-0.719181 -0.6855
-0.731995 -0.653497
-0.703016 -0.661281
-0.673745 -0.620422
-0.628049 -0.618152
-0.559083 -0.575649
-0.502948 -0.516416
-0.475446 -0.466614
-0.426888 -0.440625
-0.236122 -0.233769
-0.245231 -0.247829
-0.0860799 -0.0831772
-0.090194 -0.0848559
0.00736842 0.0338602
-0.00040666 0.0301608
0.0747222 0.120183
0.0776157 0.127031
0.0412628 0.0985105
0.0385149 0.0941736
0.0277381 0.0842913
0.00176955 0.0522335
-0.0020832 0.0511241
-0.0337291 0.0210644
-0.0900786 -0.0631872
-0.0937922 -0.0675074
-0.0974905 -0.064129
-0.104836 -0.107493
-0.125568 -0.112583
-0.136326 -0.116312
-0.14692 -0.127952
-0.162921 -0.153402
-0.188795 -0.199273
-0.193912 -0.199559
-0.196763 -0.204768
-0.209983 -0.207983
-0.212613 -0.215165
-0.216091 -0.247897
-0.195563 -0.259125
-0.199202 -0.264815
-0.200322 -0.258378
-0.164236 -0.243856
-0.165058 -0.244386
-0.16585 -0.246069
-0.0831828 -0.160755
0.0815207 0.0256638
0.101982 0.0636909
0.110691 0.0811634
0.136465 0.136074
0.142379 0.142445
0.148673 0.153134
0.160442 0.180839
0.165487 0.19587
0.169249 0.201313
0.176866 0.202455
0.173211 0.211034
0.177188 0.224655
0.193491 0.226396
0.189048 0.229785
0.197304 0.237134
0.193843 0.234482
0.180694 0.230645
0.19308 0.242274
0.197208 0.238278
0.195902 0.235468
0.181849 0.2267
0.194157 0.234534
0.166824 0.218725
0.167282 0.230531
0.160494 0.218731
0.154999 0.209603
0.1389 0.185487
0.143126 0.194707
0.124933 0.180357
0.128291 0.166397
0.137792 0.166468
0.147458 0.156708
0.132278 0.161731
0.120025 0.135116
0.135413 0.156695
0.124536 0.143226
0.141352 0.162007
0.14709 0.160695
0.131978 0.143926
0.138096 0.164189
0.129345 0.164068
0.14224 0.164256
0.148814 0.170411
0.156766 0.171918
0.186349 0.187738
0.198136 0.20218
0.212438 0.218824
0.236496 0.226804
0.255975 0.230471
0.256507 0.228953
0.302609 0.253916
0.313274 0.27645
0.365688 0.315848
0.386874 0.312964
0.35764 0.299552
0.369575 0.304975
0.371415 0.296555
0.349812 0.275292
0.251928 0.166747
0.254641 0.175521
0.241456 0.151041
0.18529 0.105883
0.183372 0.0696609
-0.0259869 -0.0763689
-0.04545 -0.0714742
-0.224616 -0.207895
-0.233729 -0.20931
-0.315369 -0.270671
-0.399796 -0.362118
-0.410041 -0.357579
-0.628018 -0.54961
-0.649716 -0.55947
-0.723359 -0.639895
-0.769069 -0.736846
-0.765247 -0.767695
-0.775159 -0.762996
-0.784983 -0.767434
-0.785665 -0.745082
-0.760084 -0.721118
-0.738838 -0.698327
-0.746673 -0.697256
-0.709143 -0.669674
-0.519089 -0.506309
-0.433157 -0.44523
-0.354746 -0.357351
-0.32539 -0.327157
-0.330072 -0.29572
-0.222857 -0.224957
-0.183439 -0.206089
-0.196258 -0.195117
-0.143805 -0.1659
-0.106159 -0.0859064
-0.11022 -0.10316
0.136149 0.0576094
0.213802 0.137654
0.287662 0.266965
0.287634 0.261554
0.296207 0.301326
0.286237 0.304504
0.251465 0.289654
0.251701 0.27687
0.227559 0.282004
0.16648 0.237402
0.130454 0.205676
0.130528 0.205706
0.0895426 0.163846
0.0501169 0.119287
0.0117103 0.0216422
-0.0253696 0.00962784
-0.0253532 0.0278329
-0.0139286 -0.0651055
-0.0296288 -0.117465
-0.0101709 -0.101728
-0.0312213 -0.122271
-0.016242 -0.115625
-0.0252271 -0.119128
-0.032174 -0.13176
-0.0166117 -0.119803
-0.02503 -0.122178
-0.0145413 -0.11373
-0.00927069 -0.118145
-0.00363923 -0.0924575
0.015872 -0.0615158
0.0212237 -0.0660871
0.0691295 0.00428935
0.0751581 0.0350891
0.115458 0.0572037
0.144856 0.098347
0.188245 0.195681
0.209289 0.213581
0.213248 0.221861
0.213677 0.228467
0.182382 0.215979
0.101309 0.138975
0.0540264 0.081986
-0.00391045 0.0223582
-0.0779595 -0.0619906
-0.107797 -0.0756801
-0.181157 -0.173551
-0.23184 -0.196529
-0.256255 -0.255531
-0.272007 -0.265862
-0.298776 -0.286389
-0.336426 -0.291857
-0.346969 -0.296788
-0.325212 -0.307934
-0.33106 -0.310889
-0.341771 -0.325541
-0.323434 -0.312592
-0.334206 -0.324723
-0.32477 -0.316787
-0.330174 -0.324104
-0.300459 -0.308119
-0.311254 -0.306258
-0.316662 -0.313476
-0.272554 -0.268456
-0.198934 -0.189072
-0.168638 -0.175162
-0.174026 -0.154923
-0.150957 -0.13941
-0.161725 -0.116306
-0.134462 -0.117317
-0.119531 -0.102368
-0.0937256 -0.0776948
-0.0990533 -0.0608247
-0.0908593 -0.0503712
-0.10124 -0.0681789
-0.0982661 -0.0605132
-0.0987783 -0.0599853
-0.1041 -0.0631713
-0.106164 -0.061919
-0.119578 -0.0776786
-0.131419 -0.0881668
-0.136735 -0.0972312
-0.152722 -0.105416
-0.169284 -0.123592
-0.169915 -0.135513
-0.198592 -0.150907
-0.203144 -0.141499
-0.211267 -0.163601
-0.221984 -0.176405
-0.2291 -0.184608
-0.248663 -0.191579
-0.216055 -0.197308
-0.218569 -0.194764
-0.205298 -0.195778
-0.207529 -0.189761
-0.187598 -0.185929
-0.189601 -0.190087
-0.149567 -0.159632
-0.108074 -0.115908
-0.079759 -0.0911681
-0.0565289 -0.0744114
-0.0564246 -0.0860766
-0.0320926 -0.053381
-0.00717935 -0.0301383
0.0250724 0.0181214
0.0766147 0.0559364
0.0783635 0.0667262
0.0975027 0.0705265
0.0994851 0.0705153
0.170283 0.149155
0.170757 0.152684
0.177176 0.156121
0.180478 0.156337
0.196579 0.191136
0.229375 0.223426
0.237685 0.229173
0.234995 0.245754
0.235917 0.240411
0.233558 0.245113
0.238338 0.250721
0.243159 0.249447
0.243272 0.247252
0.248249 0.250065
0.240949 0.247211
0.256647 0.244619
0.233678 0.238755
0.23913 0.237341
0.23191 0.222105
0.237488 0.21832
0.221584 0.199947
0.225241 0.198419
0.215137 0.18492
0.176898 0.153139
0.162254 0.152853
0.158868 0.151736
0.174581 0.140739
0.147631 0.125881
0.157883 0.150044
0.150911 0.132592
0.133816 0.118181
0.143346 0.125855
0.0907425 0.0757148
-0.0307231 0.0322149
-0.0536705 0.0198761
-0.0746825 0.00963887
-0.0984925 -0.0284706
-0.12313 -0.0473021
-0.139793 -0.0841855
-0.139556 -0.0734596
-0.15437 -0.108944
-0.166611 -0.12044
-0.166477 -0.120447
-0.180592 -0.170893
-0.185247 -0.202872
-0.185266 -0.209111
-0.156177 -0.182187
-0.143959 -0.16349
-0.144175 -0.168462
-0.130912 -0.150077
-0.131132 -0.154814
-0.131206 -0.117061
-0.103422 -0.125898
-0.0907965 -0.0896512
-0.0641816 -0.0723124
-0.0643808 -0.0561484
-0.051256 -0.0588674
-0.041933 -0.047048
-0.0305698 -0.0115783
-0.0187553 -0.0134029
0.00816341 0.0198027
0.0320033 0.0479286
0.0376076 0.0546801
0.037596 0.0541582
0.0375903 0.0541731
0.0426939 0.0613508
0.0426945 0.0613193
0.0469214 0.0693952
0.0485494 0.0694026
0.048827 0.0706558
0.0458806 0.068744
0.0425863 0.0678133
0.0322304 0.0578904
0.0257795 0.049249
0.0185475 0.0411086
0.0109754 0.0315216
0.00514944 0.023975
0.0718217 0.000985249
0.177561 0.130134
0.188465 0.143869
0.190126 0.148228
0.201063 0.150076
0.212432 0.205607
0.219577 0.215961
0.235479 0.234638
0.240645 0.237195
0.221107 0.235377
0.221472 0.217851
0.217151 0.22734
0.200869 0.202342
0.195457 0.207773
0.178302 0.196686
0.178787 0.186439
0.159876 0.171124
0.10137 0.124267
0.0984019 0.0959549
0.0211297 0.0138919
0.0030289 0.0119949
0.00556153 0.0162305
-0.0608579 -0.0546315
-0.0848107 -0.0912431
-0.145294 -0.146431
-0.146444 -0.137014
-0.147665 -0.137037
-0.161228 -0.159283
-0.16582 -0.151279
-0.183342 -0.176647
-0.199754 -0.186293
-0.21162 -0.188601
-0.214182 -0.189781
-0.216261 -0.189773
-0.222497 -0.205005
-0.228628 -0.203593
-0.246874 -0.23053
-0.245676 -0.236219
-0.262685 -0.244038
-0.253482 -0.237871
-0.26072 -0.236643
-0.274809 -0.232954
-0.28065 -0.244974
-0.291237 -0.247316
-0.292638 -0.248919
-0.305393 -0.267486
-0.310761 -0.268376
-0.309537 -0.270475
-0.310684 -0.28081
-0.316089 -0.276573
-0.2908 -0.284282
-0.248021 -0.246671
-0.219779 -0.234703
-0.230586 -0.234559
-0.201835 -0.195331
-0.163822 -0.146224
-0.15267 -0.132475
-0.158064 -0.121549
-0.157566 -0.115764
-0.127534 -0.112729
-0.132476 -0.0970183
-0.132826 -0.0957168
-0.143345 -0.113337
-0.150561 -0.115529
-0.159226 -0.117591
-0.163556 -0.122481
-0.162889 -0.120309
-0.173597 -0.134037
-0.178922 -0.138273
-0.184287 -0.143212
-0.17891 -0.129964
-0.195007 -0.150858
-0.184161 -0.138816
-0.205285 -0.159145
-0.20718 -0.16639
-0.205795 -0.162414
-0.21273 -0.174481
-0.188976 -0.168062
-0.169489 -0.170006
-0.166042 -0.166699
-0.151407 -0.148715
-0.117028 -0.119754
-0.0965403 -0.116021
-0.0587361 -0.0624248
-0.03497 -0.0610191
-0.0345946 -0.0617977
0.0170811 -0.0112823
0.0373469 0.0175441
0.0604318 0.0276363
0.105237 0.066267
0.184591 0.147484
0.188343 0.147768
0.220061 0.185509
0.234423 0.201081
0.228744 0.212622
0.249105 0.227665
0.258531 0.242039
0.234239 0.23893
0.241046 0.24921
0.234193 0.249653
0.239548 0.248274
0.225124 0.237542
0.230597 0.226085
0.211592 0.222938
0.2226 0.232086
0.20858 0.199482
0.214156 0.212963
0.186733 0.153376
0.186733 0.171225
0.192242 0.171426
0.197742 0.178208
0.189886 0.168509
0.164329 0.130677
0.164329 0.146051
0.164519 0.139154
0.17408 0.141826
0.105572 0.0802326
0.0901298 0.0891311
0.0939707 0.0943437
0.0773401 0.0817285
0.0514058 0.0409456
0.0612682 0.0648699
0.0480208 0.0540769
-0.0431937 0.0345162
-0.0661725 0.0188139
-0.0655307 0.0180993
-0.0653169 0.0181059
-0.0898668 -0.0165491
-0.112418 -0.0690091
-0.129673 -0.0939478
-0.129559 -0.116476
-0.144709 -0.126924
-0.157232 -0.145304
-0.169412 -0.155273
-0.180436 -0.171426
-0.184259 -0.184187
-0.185561 -0.197183
-0.18438 -0.200538
-0.181818 -0.196356
-0.181867 -0.201205
-0.182011 -0.191028
-0.176325 -0.19557
-0.143179 -0.173332
-0.118862 -0.140529
-0.118938 -0.146439
-0.104851 -0.130653
-0.0752125 -0.0721423
-0.0450709 -0.053162
-0.0453022 -0.0347861
0.00420781 0.00711162
0.0150155 0.0169679
0.0149565 0.0154671
0.0252 0.0477367
0.0347518 0.0466349
0.0347389 0.0466153
0.0413734 0.0613249
0.0465283 0.066143
0.0516014 0.0780112
0.04442 0.0735785
0.0394494 0.0679425
0.0394667 0.0669813
0.0334605 0.0595718
0.0264689 0.0504174
0.0265215 0.053686
0.0210007 0.0356821
0.00608938 0.00729583
0.149802 0.109232
0.173329 0.133635
0.178772 0.130397
0.184222 0.134377
0.21311 0.187726
0.220299 0.20684
0.245019 0.222214
0.253791 0.230627
0.244785 0.239929
0.249877 0.237542
0.248865 0.242039
0.23485 0.241622
0.239484 0.244611
0.176906 0.206683
0.173702 0.192826
0.149874 0.154512
0.134826 0.152956
0.138062 0.151633
0.137871 0.139725
0.0837122 0.0915468
0.0557304 0.0483893
-0.0522894 -0.071101
-0.0951527 -0.0962967
-0.113054 -0.115087
-0.151931 -0.149832
-0.16597 -0.150825
-0.171099 -0.170002
-0.176789 -0.176833
-0.208077 -0.197664
-0.230949 -0.207164
-0.234695 -0.213106
-0.238227 -0.212577
-0.248276 -0.221935
-0.257883 -0.230668
-0.249985 -0.230539
-0.251823 -0.236573
-0.25623 -0.243595
-0.260685 -0.241919
-0.270376 -0.249735
-0.29623 -0.241838
-0.307075 -0.273186
-0.290717 -0.281359
-0.306783 -0.27348
-0.276064 -0.270365
-0.262579 -0.259663
-0.267976 -0.26682
-0.244824 -0.260739
-0.255612 -0.256966
-0.237328 -0.246108
-0.242724 -0.235076
-0.253535 -0.249014
-0.204405 -0.197146
-0.204745 -0.192339
-0.188509 -0.175633
-0.199358 -0.163439
-0.175159 -0.153685
-0.160928 -0.132499
-0.177148 -0.136688
-0.141319 -0.127627
-0.134036 -0.106437
-0.128648 -0.101718
-0.134 -0.112791
-0.144724 -0.121637
-0.128851 -0.114022
-0.1342 -0.101876
-0.141884 -0.116131
-0.152605 -0.119915
-0.146426 -0.105786
-0.146364 -0.104279
-0.173643 -0.130921
-0.182981 -0.136325
-0.181787 -0.142726
-0.207821 -0.158638
-0.205382 -0.175789
-0.230005 -0.179834
-0.221599 -0.187681
-0.187807 -0.186342
-0.190554 -0.184952
-0.19324 -0.186057
-0.179599 -0.180818
-0.184347 -0.172822
-0.166758 -0.172326
-0.170928 -0.17864
-0.152017 -0.15561
-0.109683 -0.129476
-0.067908 -0.0786365
-0.0454976 -0.0630581
-0.0458281 -0.0750343
-0.0460863 -0.0743271
-0.046272 -0.0765552
0.00297968 -0.0148778
0.00726828 -0.0173242
0.0301322 0.0125941
0.0546469 0.0241525
0.0728366 0.0514189
0.0745267 0.0435439
0.128174 0.0897032
0.13074 0.105507
0.14935 0.122571
0.166637 0.128151
0.180595 0.144836
0.203924 0.178182
0.224045 0.207105
0.229609 0.219245
0.234114 0.220037
0.228903 0.236347
0.238797 0.234748
0.229638 0.23865
0.22611 0.229561
0.242088 0.235744
0.210406 0.203665
0.22374 0.215425
0.220003 0.20894
0.225568 0.208651
0.231144 0.192797
0.210015 0.189756
0.218817 0.195704
0.203618 0.182164
0.20528 0.174439
0.227436 0.162952
0.166862 0.15663
0.172116 0.160902
0.153833 0.142725
0.172237 0.145249
0.129955 0.0961513
0.116361 0.0887819
0.0790702 0.0764806
0.0829671 0.0903292
0.0582522 0.0728445
-0.0434742 0.0345364
-0.0690894 0.00806143
-0.134813 -0.0837842
-0.134703 -0.0708389
-0.134007 -0.08818
-0.162302 -0.153193
-0.177039 -0.163448
0.172193 0.149297
0.157803 0.126928
0.117307 0.134591
0.11746 0.165705
0.0184355 0.211334
0.0136363 0.203985
-0.0158261 0.189148
-0.0461179 0.146811
-0.0510104 0.150567
-0.0906292 0.0436119
-0.118097 -0.0087622
-0.138077 -0.0615535
-0.15664 -0.0724353
-0.171767 -0.0604467
-0.240275 -0.157587
-0.257484 -0.204994
-0.262656 -0.20021
-0.307198 -0.285928
-0.352162 -0.335483
-0.369626 -0.35939
-0.380352 -0.359669
-0.379936 -0.362911
-0.396117 -0.378404
-0.39705 -0.387411
-0.334837 -0.36302
-0.344011 -0.351134
-0.349523 -0.355926
-0.319847 -0.316647
-0.276986 -0.271303
-0.293484 -0.299175
-0.250147 -0.253339
-0.255643 -0.257031
-0.261145 -0.258494
-0.230791 -0.214842
-0.241773 -0.234344
-0.207876 -0.188958
-0.21883 -0.207214
-0.161869 -0.151232
-0.136229 -0.114372
-0.102358 -0.0635837
0.0705277 0.00427147
0.095006 0.0379556
0.0936479 0.0443849
0.093322 0.0643861
0.108307 0.0752304
0.107899 0.0949095
0.137005 0.130678
0.151472 0.17327
0.138966 0.163378
0.115623 0.150404
0.115673 0.15254
0.115774 0.15254
0.115824 0.14181
0.10449 0.143887
0.104546 0.129132
0.073653 0.116813
0.0560301 0.100876
-0.0142531 0.0206591
-0.0642722 -0.053199
-0.0642259 -0.0766825
-0.098462 -0.108138
-0.108115 -0.128759
-0.11606 -0.143196
-0.116125 -0.141531
-0.122208 -0.155058
-0.130307 -0.169586
-0.128783 -0.168363
-0.127402 -0.163495
-0.127452 -0.163248
-0.124492 -0.157928
-0.124544 -0.158594
-0.1247 -0.150584
-0.107012 -0.13262
-0.0897459 -0.109965
-0.0801731 -0.0935211
-0.0698641 -0.0710066
-0.0588176 -0.0726164
-0.0409461 -0.0508243
0.106035 -0.0161879
0.184407 0.0921043
0.292948 0.265403
0.315053 0.319256
0.311577 0.323038
0.334391 0.354085
0.340668 0.355836
0.351618 0.349626
0.323807 0.341459
0.340288 0.353581
0.319401 0.33531
0.335912 0.32022
0.327908 0.302924
0.295395 0.29458
0.277786 0.274589
0.283318 0.288485
0.288857 0.292831
0.294401 0.26819
0.255438 0.251517
0.202494 0.195248
0.161868 0.169025
0.167346 0.152083
0.17283 0.164197
0.153947 0.112979
0.151255 0.0999226
0.128739 0.0729655
0.0976839 0.0332138
0.045938 -0.0307595
0.0368608 -0.0212474
0.0422529 -0.0417359
0.0189301 -0.0403058
0.018795 -0.0405707
0.029529 -0.0217398
0.0218901 -0.0250167
0.00760026 -0.0238076
0.0129381 -0.0439001
0.0375546 -0.0184663
0.0310606 -0.0153476
0.0390292 -0.00697407
0.0964674 0.0675225
-0.013745 0.069587
-0.0135121 0.069587
-0.022101 0.0720401
-0.0218912 0.0720401
-0.0330585 0.056203
-0.0402386 0.0290857
-0.0400826 0.0290857
-0.0685896 -0.0236791
-0.076644 -0.0606148
-0.0858742 -0.0680464
-0.0857577 -0.0608362
-0.09495 -0.0836141
-0.099425 -0.0999562
-0.0994012 -0.105217
-0.104079 -0.105914
-0.105234 -0.106208
-0.10526 -0.107562
-0.105274 -0.107562
-0.0970852 -0.103292
-0.0971347 -0.104979
-0.0945953 -0.106845
-0.0946598 -0.106585
-0.0916153 -0.103181
-0.0916546 -0.105176
-0.091694 -0.105196
-0.0917334 -0.0977701
-0.0753074 -0.0792661
-0.0644223 -0.0764917
-0.040915 -0.0386997
-0.0351373 -0.0374349
-0.0295671 -0.0306131
-0.02962 -0.0334805
-0.024492 -0.0250372
-0.0245939 -0.0250372
-0.0209942 -0.0206939
-0.0166051 -0.0144606
-0.012324 -0.00686752
-0.0084292 0.000926532
-0.00147287 0.00863588
-0.00151259 0.00642584
-0.00155196 0.00642584
0.00204552 0.0112401
0.00236528 0.0112436
0.00233202 0.0112436
0.00208218 0.0106565
-0.00282863 -0.000175148
-0.00286054 0.000473567
-0.00482832 -0.00227584
-0.00734059 -0.00513935
-0.131255 -0.0254367
-0.136409 -0.0256034
-0.172662 -0.0599031
-0.19066 -0.0980009
-0.195887 -0.100939
-0.2136 -0.145224
-0.218854 -0.146169
-0.329489 -0.328732
-0.334915 -0.338142
-0.340349 -0.331981
-0.351235 -0.342488
-0.361761 -0.346719
-0.370992 -0.350767
-0.35691 -0.351936
-0.280362 -0.288729
-0.265871 -0.265597
-0.271376 -0.287155
-0.212764 -0.232563
-0.223736 -0.225306
-0.229233 -0.228909
-0.197078 -0.184853
-0.213526 -0.215688
-0.194543 -0.185767
-0.162747 -0.172025
-0.179128 -0.173057
-0.160568 -0.150029
-0.171492 -0.154671
-0.148362 -0.14022
-0.15927 -0.13167
-0.160803 -0.132786
-0.16628 -0.109041
-0.10599 -0.0994239
-0.111394 -0.0838882
-0.116804 -0.0946072
-0.105553 -0.0832763
-0.145238 -0.107568
-0.150679 -0.0908002
-0.117233 -0.100081
-0.127999 -0.0977204
-0.126082 -0.0898002
-0.136857 -0.101426
-0.131886 -0.107535
-0.170663 -0.119358
-0.0560609 -0.117481
-0.0563318 -0.107078
-0.0568736 -0.0998275
-0.00922215 -0.0792437
-0.00980363 -0.0757259
0.0083922 -0.0513222
0.00822655 -0.0513222
0.0250116 -0.0275913
0.0376048 0.00240433
0.0600774 0.047133
0.0701247 0.0721244
0.082776 0.0951811
0.0759673 0.0959724
0.0759558 0.0989897
0.0748618 0.101408
0.0748852 0.0996052
0.0647757 0.0923139
0.0569416 0.0862119
0.039091 0.0685323
0.0190329 0.0473419
0.00872656 0.030808
-0.0116102 0.00549271
-0.0439374 -0.0595707
-0.051119 -0.0583818
-0.057786 -0.0697029
-0.0577405 -0.0802823
-0.0716745 -0.0897005
-0.0764077 -0.0914374
-0.0763982 -0.0883076
-0.0744528 -0.0861616
-0.074451 -0.0835561
-0.0722856 -0.0832732
-0.0691819 -0.0808611
-0.0654054 -0.0770364
0.0613177 -0.0515716
0.0766815 -0.0393088
0.127551 -0.0211138
0.132741 0.00499272
0.174932 0.0842304
0.185426 0.0851951
0.195947 0.150778
0.203509 0.155803
0.219369 0.156544
0.245884 0.197722
0.269555 0.260635
0.285692 0.263183
0.280958 0.287591
0.302571 0.296125
0.295219 0.318216
0.30064 0.312298
0.313454 0.327614
0.329873 0.3338
0.312032 0.332791
0.31751 0.328257
0.307792 0.325961
0.243644 0.260891
0.230113 0.235649
0.235613 0.250249
0.241121 0.25227
0.181628 0.163193
0.177036 0.143302
0.127173 0.0673176
0.124124 0.0490472
0.114071 0.0451768
0.100726 0.0362292
0.074078 0.0391115
0.0531723 0.034212
0.0639393 0.033136
0.0703637 0.0340216
0.0669669 0.0355118
0.0831134 0.0442165
0.0869893 0.0516281
0.0923753 0.0548675
0.0977685 0.0518195
0.0037594 0.0853953
-0.0561677 -0.00101122
-0.0841776 -0.0404037
-0.0837212 -0.0407862
-0.0972875 -0.0653739
-0.118423 -0.113703
-0.11371 -0.139818
-0.123043 -0.141617
-0.123009 -0.141617
-0.124551 -0.13832
-0.124553 -0.143136
-0.123406 -0.143427
-0.123483 -0.135875
-0.120681 -0.129023
-0.10205 -0.124322
-0.102098 -0.124322
-0.0959432 -0.104784
-0.0794158 -0.0984796
-0.0703766 -0.0899644
-0.06066 -0.0734037
-0.0328038 -0.0465406
-0.023276 -0.0341883
0.0103661 0.0105757
0.0102772 0.00953953
0.0190587 0.0270097
0.0190366 0.0314521
0.0235286 0.0360495
0.0234807 0.0347037
0.0238388 0.0383565
0.0207156 0.0350369
0.0206949 0.0350369
0.0147409 0.026417
0.00806667 0.0138617
-0.000811283 0.0017255
-0.118035 -0.00753544
-0.153644 -0.0314151
-0.158818 -0.030695
-0.169185 -0.0681214
-0.20944 -0.110124
-0.238782 -0.15916
-0.249342 -0.159514
-0.260705 -0.197592
-0.276638 -0.235042
-0.303803 -0.265041
-0.314536 -0.292589
-0.350615 -0.346011
-0.343418 -0.352664
-0.363096 -0.359046
-0.328816 -0.327266
-0.334305 -0.340724
-0.335699 -0.341704
-0.307374 -0.322689
-0.312866 -0.314289
-0.278567 -0.276309
-0.235841 -0.229533
-0.241355 -0.232964
-0.197014 -0.177026
-0.219009 -0.197778
-0.164574 -0.153179
-0.170037 -0.166244
-0.174265 -0.147512
-0.130366 -0.122122
-0.121704 -0.114573
-0.136152 -0.0927719
-0.117753 -0.0861461
-0.124353 -0.0840757
-0.129767 -0.0898476
-0.13585 -0.0923873
-0.113643 -0.0605767
-0.130617 -0.0983043
-0.140397 -0.0982215
-0.151181 -0.108069
-0.165994 -0.121297
-0.0424548 -0.110942
-0.0286934 -0.0959306
-0.0125328 -0.0743175
0.0186086 -0.028799
0.0410143 0.0173334
0.0408038 0.00975073
0.0406989 0.00975073
0.0616392 0.0562751
0.0682523 0.0865828
0.0586106 0.081847
0.0586371 0.081847
0.0371714 0.0624228
0.021129 0.0425778
0.0212132 0.0437529
0.021297 0.024222
-0.00368234 0.0172358
-0.0273705 -0.0233149
-0.0346018 -0.0356887
-0.041683 -0.0502538
-0.0537012 -0.063583
-0.053655 -0.063583
-0.0587768 -0.0720288
-0.0625667 -0.0798231
-0.06255 -0.0776003
-0.0656006 -0.0812873
-0.0689589 -0.0832023
-0.0692322 -0.0837457
-0.0680768 -0.0797479
-0.0680683 -0.07996
-0.0680512 -0.07996
-0.0655077 -0.0766902
-0.060402 -0.0689143
-0.0506737 -0.054906
-0.0468288 -0.0526799
-0.0428203 -0.0465395
-0.0427772 -0.047087
0.103879 -0.0202861
0.139977 0.0206238
0.159576 0.0639448
0.21131 0.140188
0.216609 0.142921
0.232137 0.176359
0.265609 0.239961
0.309476 0.29933
0.308091 0.320003
0.306519 0.326688
0.312011 0.316428
0.302018 0.319872
0.30752 0.322402
0.300412 0.310259
0.277568 0.300693
0.279771 0.286261
0.271854 0.264733
0.277399 0.266557
0.282953 0.247419
0.252926 0.236601
0.238808 0.218092
0.244342 0.233687
0.230954 0.217313
0.124942 0.0973879
0.130414 0.0998226
0.100488 0.0600302
0.106018 0.0628562
0.12243 0.0698258
0.110113 0.0538735
0.115586 0.0263658
0.0897609 0.032902
0.0721319 0.014373
0.0713858 0.017132
0.0669214 0.0051926
0.0723383 0.00530758
0.0587457 0.00594968
0.0648602 0.0130623
0.0624742 0.0252704
0.0537755 0.0372176
0.0591463 0.0229776
0.0645238 0.0337109
0.0699082 0.0389763
0.05691 0.0242907
0.0663158 0.0302007
0.0824478 0.0458428
0.0788326 0.0512876
0.0922877 0.0695176
0.0847282 0.0598226
0.0954578 0.0715686
0.106214 0.0741672
0.0057282 0.0796704
-0.0218102 0.0778763
-0.0215787 0.0778763
-0.0213472 0.058638
-0.0381258 0.0477879
-0.0377206 0.0564132
-0.0375181 0.0564132
-0.056514 0.0334438
-0.0561723 0.0314633
-0.0661182 0.0105812
-0.0779573 -0.0127157
-0.0915083 -0.0362898
-0.10513 -0.060818
-0.105054 -0.060818
-0.104977 -0.0797923
-0.125938 -0.143326
-0.12592 -0.144623
-0.12703 -0.150094
-0.127039 -0.146971
-0.113304 -0.13753
-0.11333 -0.137561
-0.108473 -0.131146
-0.108506 -0.132105
-0.103143 -0.124111
-0.103339 -0.113355
-0.0967257 -0.116427
-0.0408054 -0.0527202
-0.0332078 -0.0423769
-0.0259539 -0.029428
-0.0259977 -0.029428
-0.0192421 -0.0152683
-0.0193243 -0.018848
-0.00639624 0.00358181
-0.514384 -0.219676
-0.516132 -0.215705
-0.519211 -0.210899
-0.522219 -0.237919
-0.518128 -0.309095
-0.510606 -0.41088
-0.482812 -0.49227
-0.458141 -0.494996
-0.386332 -0.403366
-0.276379 -0.242077
-0.189956 -0.192024
-0.129061 -0.138237
-0.124356 -0.130919
0.0745695 0.0767626
0.358268 0.370083
0.363499 0.367311
0.395288 0.395596
0.400828 0.408859
0.406439 0.405199
0.417869 0.41524
0.438806 0.441889
0.473847 0.475919
0.524289 0.528381
0.531489 0.528551
0.500158 0.543364
0.491719 0.539546
0.428639 0.500616
0.436969 0.502494
0.393323 0.46345
0.327558 0.387156
0.256733 0.307833
0.171636 0.196243
0.187704 0.219599
0.119223 0.103859
0.126152 0.113159
0.0427967 0.0216644
0.0483012 0.0260923
-0.0163859 -0.0217716
-0.0444426 -0.0560417
-0.0552723 -0.0691955
-0.0517025 -0.0573318
-0.044856 -0.0592517
-0.0660304 -0.0776445
-0.0598624 -0.0668811
-0.0569276 -0.0662675
-0.0836863 -0.0869171
-0.0969558 -0.12232
-0.0994735 -0.114328
-0.0984453 -0.124364
-0.0967039 -0.120823
-0.106854 -0.131149
-0.106495 -0.130645
-0.125102 -0.144173
-0.128769 -0.137647
-0.133099 -0.137395
-0.140727 -0.143185
-0.138908 -0.152273
-0.14158 -0.15087
-0.140819 -0.153969
-0.143702 -0.156838
-0.156252 -0.160888
-0.206058 -0.201703
-0.198015 -0.206083
-0.206662 -0.218116
-0.241062 -0.247089
-0.239607 -0.239616
-0.269517 -0.271296
-0.27454 -0.286159
-0.293108 -0.294078
-0.350735 -0.344596
-0.361715 -0.350815
-0.361058 -0.35089
-0.37248 -0.354294
-0.384055 -0.368702
-0.395784 -0.385876
-0.406803 -0.398043
-0.431593 -0.420128
-0.443147 -0.420331
-0.464988 -0.446169
-0.505637 -0.506445
-0.526621 -0.542066
-0.577858 -0.596957
-0.57634 -0.614862
-0.610268 -0.678298
-0.620367 -0.697228
-0.637723 -0.719023
-0.609885 -0.728072
-0.676278 -0.718668
-0.71155 -0.740343
-0.729154 -0.726088
-0.69174 -0.730179
-0.720535 -0.719215
-0.660789 -0.714364
-0.694387 -0.706385
-0.672313 -0.684576
-0.613568 -0.642541
-0.644301 -0.649827
-0.497486 -0.515277
-0.52375 -0.52586
-0.482999 -0.47694
-0.517948 -0.456442
-0.438568 -0.422611
-0.459017 -0.424806
-0.232624 -0.21151
-0.0518992 -0.0871948
-0.0511803 -0.0425384
0.0868063 0.145472
0.0948 0.149981
0.272704 0.352469
0.291498 0.374995
0.609114 0.656326
0.760013 0.752264
0.81316 0.792196
0.908868 0.870389
0.941781 0.903806
0.934249 0.944153
0.927046 0.961991
0.917785 0.969589
0.882676 0.964815
0.893834 0.961152
0.90491 0.967255
0.832102 0.921275
0.814427 0.867117
0.823405 0.854147
0.798876 0.815246
0.815489 0.822998
0.823619 0.80444
0.785387 0.774122
0.637363 0.605474
0.535376 0.520515
0.483053 0.487663
0.213582 0.301424
0.192525 0.284509
0.12791 0.256962
0.128782 0.22874
0.1318 0.202532
0.0656366 0.172672
0.0692483 0.146526
-0.194924 -0.0918
-0.2418 -0.145459
-0.239624 -0.141188
-0.239238 -0.162793
-0.303676 -0.234139
-0.317363 -0.256606
-0.318666 -0.274889
-0.300118 -0.295547
-0.291612 -0.296399
-0.271915 -0.282864
-0.243986 -0.278314
-0.0959276 -0.11921
-0.0540865 -0.0599056
-0.0247434 0.00395365
0.0184956 0.0132222
0.0858134 0.115008
0.192817 0.232583
0.287699 0.328673
0.377413 0.403656
0.420788 0.439741
0.451681 0.464388
0.519337 0.532062
0.513104 0.534205
0.521669 0.526066
0.497517 0.528892
0.495433 0.51738
0.492001 0.509036
0.499442 0.509814
0.460531 0.47777
0.360974 0.385539
0.366955 0.392193
0.295372 0.315889
0.306254 0.325735
0.195817 0.214301
0.0986585 0.0458843
0.0297371 0.0147676
0.0386473 0.0304424
0.0414169 -0.0239165
-0.0757086 -0.103878
-0.0724041 -0.148942
-0.122605 -0.16267
-0.168997 -0.218573
-0.218774 -0.279189
-0.269225 -0.319567
-0.297029 -0.350862
-0.298985 -0.371879
-0.329376 -0.391449
-0.351644 -0.427678
-0.378238 -0.451371
-0.401802 -0.487611
-0.398184 -0.478172
-0.365089 -0.456302
-0.359778 -0.437076
-0.355099 -0.397722
-0.321712 -0.395039
-0.328875 -0.405031
-0.33617 -0.404963
-0.329654 -0.400579
-0.307826 -0.369754
-0.331755 -0.382956
-0.329737 -0.360383
-0.352043 -0.371084
-0.318548 -0.373456
-0.341701 -0.351149
-0.353507 -0.361323
-0.337075 -0.355903
-0.361958 -0.392237
-0.330206 -0.411915
-0.373503 -0.395477
-0.396901 -0.408032
-0.381742 -0.375821
-0.412729 -0.405684
-0.482683 -0.442624
-0.540712 -0.458961
-0.557966 -0.470431
-0.575298 -0.489954
-0.56412 -0.499262
-0.547732 -0.555605
-0.576174 -0.598663
-0.570858 -0.647797
-0.631728 -0.665943
-0.649091 -0.677179
-0.600659 -0.649366
-0.609046 -0.619862
-0.531503 -0.604856
-0.501862 -0.514886
-0.444739 -0.451279
-0.398021 -0.391714
-0.350967 -0.332795
-0.187575 -0.188028
-0.0927239 -0.0992787
0.013841 0.0287199
0.134277 0.163119
0.321112 0.339415
0.505745 0.556648
0.524473 0.584447
0.589131 0.618847
0.660941 0.653415
0.671719 0.677737
0.682608 0.692411
0.809688 0.773126
0.899442 0.857172
0.887625 0.868178
0.91657 0.89739
0.912921 0.924849
0.869825 0.92667
0.880636 0.909175
0.901611 0.906695
0.862452 0.88683
0.800883 0.804631
0.594433 0.539902
0.599925 0.500064
0.470453 0.46826
0.475181 0.463694
0.341404 0.373847
0.344969 0.379284
0.344514 0.352351
0.276498 0.331024
0.201178 0.267732
0.126457 0.20886
0.0526944 0.146713
0.0360128 0.0897675
-0.0272084 0.0721127
-0.0261332 0.073394
-0.0860266 0.0323054
-0.0848192 0.00437056
-0.137178 -0.0350247
-0.135632 -0.0342232
-0.134017 -0.032534
-0.195123 -0.0747116
-0.189892 -0.0878638
-0.240882 -0.141097
-0.236783 -0.138643
-0.303935 -0.201077
-0.32779 -0.228025
-0.334632 -0.234019
-0.246728 -0.281951
-0.212419 -0.270437
-0.164458 -0.227332
-0.124673 -0.187834
-0.00592542 -0.03352
0.0430567 0.0247115
0.0724965 0.072857
0.0849509 0.0846379
0.131527 0.140905
0.176964 0.201744
0.242151 0.278724
0.320301 0.353404
0.440035 0.455961
0.464207 0.477928
0.465612 0.491183
0.473508 0.500369
0.482798 0.511316
0.492038 0.516667
0.50082 0.518593
0.499757 0.515782
0.51656 0.526667
0.486278 0.509036
0.502486 0.517439
0.405187 0.449148
0.405187 0.436133
0.369049 0.416436
0.0927304 0.0851462
0.0963849 0.0984138
0.0340121 0.0178734
0.0301298 -0.00806423
-0.0743502 -0.120418
-0.173533 -0.250707
-0.171875 -0.280856
-0.218407 -0.295129
-0.259592 -0.337693
-0.316209 -0.387297
-0.382809 -0.46446
-0.385597 -0.464852
-0.3859 -0.461244
-0.39795 -0.486005
-0.402393 -0.485958
-0.395122 -0.455852
-0.401399 -0.420274
-0.325096 -0.403855
-0.329226 -0.395457
-0.320341 -0.39265
-0.320341 -0.391025
-0.30049 -0.373661
-0.316762 -0.375148
-0.325108 -0.382621
-0.332039 -0.383377
-0.294095 -0.367502
-0.335057 -0.367159
-0.304057 -0.349869
-0.340123 -0.388904
-0.363842 -0.378954
-0.357505 -0.390033
-0.375089 -0.388815
-0.382294 -0.410248
-0.387149 -0.413101
-0.387296 -0.398948
-0.564147 -0.508565
-0.655846 -0.594481
-0.672157 -0.634947
-0.713732 -0.665474
-0.665636 -0.675073
-0.697296 -0.651907
-0.614559 -0.655808
-0.544449 -0.520018
-0.566048 -0.434586
-0.390394 -0.314826
-0.0931204 -0.143626
0.0977634 0.108258
0.101443 0.115653
0.105473 0.128527
0.109843 0.186063
0.213538 0.295738
0.219577 0.341087
0.41924 0.452884
0.538587 0.555672
0.557548 0.597466
0.631328 0.631701
0.684489 0.677225
0.764816 0.727274
0.787328 0.729768
0.882113 0.818743
0.90341 0.882966
0.915447 0.889543
0.946656 0.942166
0.954276 0.96445
0.937263 0.971751
0.948207 0.967556
0.959066 0.971338
0.93989 0.962615
0.862781 0.931318
0.872849 0.906715
0.852934 0.837405
0.746601 0.750194
0.777091 0.696397
0.688223 0.619788
0.628208 0.561833
0.599324 0.543186
0.417434 0.420863
0.270276 0.321613
0.270958 0.327387
0.197507 0.268583
0.198708 0.27606
0.118041 0.215678
0.0461973 0.148891
0.0481532 0.161288
-0.0515657 0.0466846
-0.0503802 0.0654137
-0.0491271 0.0660846
-0.113165 0.00449221
-0.236452 -0.137452
-0.287739 -0.180734
-0.37432 -0.296542
-0.369616 -0.308871
-0.368561 -0.32452
-0.355217 -0.333458
-0.336175 -0.34123
-0.276397 -0.299696
-0.27206 -0.322248
-0.230498 -0.296315
-0.178382 -0.245578
-0.147684 -0.179944
-0.142467 -0.189578
-0.0947294 -0.1243
-0.0267693 -0.00384608
0.0193326 0.0127306
0.0255683 0.0124015
0.238166 0.291505
0.32712 0.346094
0.350244 0.371993
0.365977 0.373948
0.38504 0.406059
0.393072 0.40563
0.424118 0.438037
0.432356 0.442005
0.448945 0.45119
0.534707 0.540008
0.523502 0.53866
0.507157 0.517041
0.514635 0.501522
0.472788 0.494877
0.479913 0.495744
0.486963 0.496891
0.260529 0.280416
0.239528 0.250012
0.248873 0.254647
0.126519 0.135301
0.13045 0.0887093
0.0630849 0.0609246
0.0667578 0.073396
0.0738101 0.0747535
0.0771887 0.0758777
0.00402587 0.0190831
-0.12652 -0.191761
-0.118965 -0.216506
-0.178247 -0.230961
-0.175655 -0.231999
-0.277325 -0.338708
-0.383213 -0.451698
-0.387736 -0.464167
-0.402648 -0.477439
-0.404993 -0.488534
-0.418839 -0.502399
-0.422533 -0.495517
-0.42795 -0.499047
-0.433042 -0.488997
-0.414382 -0.482687
-0.418038 -0.488606
-0.423945 -0.490121
-0.417224 -0.475485
-0.405828 -0.46234
-0.383566 -0.434527
-0.386055 -0.443732
-0.393588 -0.457122
-0.307063 -0.377514
-0.321072 -0.393127
-0.340332 -0.400706
-0.33551 -0.386418
-0.345928 -0.370604
-0.334815 -0.377482
-0.345808 -0.371749
-0.343519 -0.385963
-0.3613 -0.381562
-0.370499 -0.3885
-0.394589 -0.382277
-0.347429 -0.369898
-0.376264 -0.394838
-0.410326 -0.402035
-0.468857 -0.426282
-0.527735 -0.501721
-0.545047 -0.512842
-0.55561 -0.585439
-0.246727 -0.136639
-0.248259 -0.262795
-0.191478 -0.231716
-0.133496 -0.16661
-0.134138 -0.16661
-0.062927 -0.110991
0.0339999 -0.0524339
0.0335247 -0.0633308
0.227349 0.108242
0.226822 0.143572
0.349032 0.238312
0.396748 0.291044
0.420197 0.343839
0.444237 0.365053
0.444414 0.371371
0.45734 0.396436
0.436749 0.389038
0.436969 0.389128
0.435035 0.406035
0.425645 0.411137
0.408568 0.416612
0.285158 0.350726
0.285376 0.372903
0.0769877 0.134901
0.00697364 0.0386703
0.0072469 0.0386703
-0.0953329 -0.124381
-0.129772 -0.165119
-0.20377 -0.197678
-0.236626 -0.226554
-0.236704 -0.219714
-0.241883 -0.231871
-0.24207 -0.226178
-0.239624 -0.23243
-0.240082 -0.235068
-0.232779 -0.234507
-0.208831 -0.222732
-0.194841 -0.210376
-0.19521 -0.201871
-0.160391 -0.191161
-0.160506 -0.191161
-0.117201 -0.138787
-0.117397 -0.150805
-0.0554471 -0.0839515
-0.0350325 -0.0597735
0.0270249 0.0250986
0.0410822 0.0382628
0.0410893 0.0582765
0.0528254 0.0576836
0.0693827 0.0999926
0.0704852 0.107289
0.0673372 0.109099
0.0634892 0.107386
0.0636908 0.108328
0.063758 0.102752
0.0580054 0.102089
0.0514791 0.0982935
0.0359918 0.0818186
0.0268453 0.0688149
-0.0368296 0.00533917
-0.057764 -0.0217239
-0.0683492 -0.0364344
-0.0773569 -0.0492292
-0.0773453 -0.056839
-0.106347 -0.0906246
-0.106398 -0.0896863
-0.106423 -0.0896863
-0.109464 -0.100095
-0.111464 -0.0999004
-0.111499 -0.102385
-0.112336 -0.102468
-0.11116 -0.101703
-0.101613 -0.0919225
-0.0976286 -0.0881331
-0.0976768 -0.0899057
-0.0977736 -0.0899057
-0.0818286 -0.0714436
-0.081918 -0.0638893
-0.0758542 -0.0620586
-0.0714231 -0.0598198
-0.0714648 -0.0619574
-0.0715065 -0.0619574
-0.0600517 -0.0453398
-0.0601235 -0.0485732
-0.0366392 -0.0219881
-0.0366591 -0.0219881
-0.0242276 -0.00135996
-0.0207092 0.00192618
-0.0207239 0.00752375
-0.014838 0.0163634
-0.0148292 0.0140169
-0.0143746 0.0143433
-0.0143682 0.0143433
-0.0143451 0.0161632
-0.0149833 0.0170482
-0.0149734 0.0173756
-0.018068 0.0148654
-0.0180571 0.0148654
-0.0197847 0.0136057
-0.0197621 0.0142097
-0.021832 0.0110349
-0.0218092 0.0118682
-0.0296917 -0.00169935
-0.0358296 -0.00643111
-0.0358219 -0.00474974
-0.0411859 -0.0129787
-0.0442878 -0.0205472
-0.0473184 -0.0199591