Linear regression parameters:
Intercept: -0.00374834
Slope: 0.98386
Correlation: 0.987063
 Linear regression parameters:
Intercept: -0.00398174
Slope: 0.984931
Correlation: 0.989827
 Linear regression parameters:
Intercept: 0.000306211
Slope: 0.999762
Correlation: 0.996085
Target-output data:
submatrix_0
-0.599718 -0.562063
-0.599718 -0.576012
-0.599718 -0.580141
-0.599718 -0.560932
-0.559373 -0.55047
-0.539104 -0.528983
-0.51494 -0.515333
-0.501982 -0.500326
-0.493721 -0.461758
-0.493721 -0.4874
-0.493721 -0.463804
-0.478876 -0.448543
-0.463684 -0.455181
-0.441513 -0.403552
-0.427171 -0.393376
-0.386428 -0.350123
-0.386428 -0.359133
-0.364993 -0.361377
-0.364993 -0.317723
-0.322241 -0.323362
-0.278913 -0.281253
-0.250095 -0.251796
-0.206417 -0.208272
-0.143163 -0.133672
-0.143163 -0.137749
-0.0919849 -0.0642001
-0.0919849 -0.0610785
-0.0689657 -0.0641018
-0.0423713 -0.041878
-0.0121653 0.0161877
-0.0121653 -0.00111927
0.104124 0.106287
0.138994 0.151422
0.166746 0.17211
0.166746 0.178181
0.233255 0.235065
0.233255 0.253749
0.258758 0.254067
0.265759 0.281116
0.265759 0.281932
0.265759 0.285735
0.325112 0.317536
0.348257 0.354155
0.353556 0.364246
0.353556 0.386064
0.374391 0.387979
0.381833 0.396569
0.381833 0.400212
0.381833 0.404748
0.381833 0.407654
0.381833 0.408159
0.407769 0.431385
0.407769 0.436115
0.411079 0.432372
0.411079 0.43203
0.411079 0.436812
0.446096 0.42547
0.446096 0.43957
0.45878 0.460977
0.46077 0.465978
0.47135 0.481177
0.465117 0.479556
0.442619 0.469171
0.452174 0.447915
0.42903 0.441504
0.419353 0.428884
0.404009 0.418141
0.404009 0.386581
0.3917 0.401508
0.388041 0.369208
0.376817 0.379843
0.365023 0.345447
0.365023 0.366727
0.365023 0.345953
0.353967 0.32928
0.328465 0.305308
0.328465 0.327175
0.328465 0.298945
0.31061 0.311812
0.31061 0.314209
0.285574 0.240948
0.25235 0.21569
0.229251 0.194662
0.230735 0.223559
0.221869 0.196338
0.221869 0.194547
0.2028 0.176209
0.16114 0.130182
0.136655 0.141026
0.136655 0.141898
0.0813475 0.0564067
0.0621856 0.0613167
0.0621856 0.0477159
-0.0148218 -0.0169545
-0.0402423 -0.0535402
-0.0402423 -0.0492975
-0.0558576 -0.0871833
-0.0806472 -0.100488
-0.0806472 -0.136893
-0.110904 -0.152876
-0.157302 -0.171597
-0.157302 -0.201084
-0.177178 -0.213283
-0.217943 -0.259653
-0.230829 -0.270259
-0.230829 -0.277939
-0.27476 -0.326813
-0.292746 -0.314688
-0.309472 -0.320686
-0.328898 -0.355564
-0.392555 -0.426266
-0.455902 -0.485823
-0.458914 -0.493405
-0.458914 -0.494515
-0.458914 -0.494031
-0.464734 -0.50257
-0.486397 -0.516519
-0.476995 -0.532815
-0.494438 -0.533392
-0.494438 -0.536497
-0.500403 -0.550038
-0.513239 -0.538111
-0.513239 -0.53891
-0.551228 -0.561914
-0.551228 -0.564101
-0.560184 -0.581164
-0.578881 -0.575787
-0.578881 -0.587759
-0.547647 -0.567447
-0.545999 -0.579829
-0.585968 -0.581859
-0.585968 -0.574082
-0.56769 -0.570017
-0.548233 -0.569272
-0.532445 -0.529987
-0.532445 -0.516933
-0.530721 -0.524165
-0.510698 -0.510949
-0.493137 -0.487666
-0.433128 -0.43066
-0.433128 -0.406148
-0.41858 -0.413445
-0.330569 -0.319929
-0.330569 -0.327383
-0.274165 -0.23254
-0.274165 -0.264362
-0.264594 -0.253698
-0.264594 -0.226015
-0.240393 -0.206404
-0.216112 -0.215811
-0.172497 -0.163072
-0.172497 -0.169752
-0.147953 -0.145833
-0.147953 -0.145196
-0.125446 -0.122287
-0.103555 -0.0992549
-0.0525224 -0.0585976
-0.0261257 -0.0166349
-0.0261257 -0.0338513
-0.00230175 0.0266261
0.0318188 0.0220471
0.0808614 0.0929403
0.0808614 0.113241
0.127422 0.132282
0.154736 0.171807
0.154736 0.154793
0.173359 0.172616
0.173359 0.175505
0.191361 0.184078
0.191361 0.187105
0.240112 0.239259
0.249692 0.248003
0.268021 0.269348
0.312076 0.339039
0.332679 0.364541
0.372826 0.387956
0.372826 0.387662
0.380152 0.406958
0.412638 0.420632
0.425599 0.429288
0.425599 0.434081
0.43084 0.444291
0.451839 0.450503
0.429212 0.466575
0.443679 0.466765
0.438354 0.457639
0.438354 0.479853
0.457251 0.460622
0.457251 0.460077
0.448979 0.469721
0.475876 0.481749
0.471865 0.476201
0.429519 0.459985
0.417279 0.443155
0.41274 0.454461
0.41274 0.459594
0.41274 0.454277
0.404098 0.436311
0.401861 0.419332
0.382034 0.364215
0.364889 0.344786
0.364889 0.37589
0.380946 0.382368
0.367691 0.339028
0.359399 0.353556
0.359399 0.358933
0.311817 0.325275
0.311817 0.302804
0.278963 0.293333
0.250521 0.238794
0.205955 0.200792
0.205955 0.202199
0.155196 0.148426
0.117881 0.109148
0.0990079 0.0831852
0.0990079 0.0901412
0.0790092 0.0702789
0.0563705 0.0225409
0.0563705 0.0474513
0.0410083 0.0027896
-0.00519917 -0.0172578
-0.00519917 -0.0179475
-0.0291547 -0.0626721
-0.0291547 -0.041564
-0.0355409 -0.0455946
-0.0859666 -0.138495
-0.120286 -0.147455
-0.139903 -0.149271
-0.167747 -0.174199
-0.257255 -0.267488
-0.257255 -0.268249
-0.257255 -0.291765
-0.307212 -0.314223
-0.307212 -0.320184
-0.35537 -0.377891
-0.367638 -0.413895
-0.403007 -0.445402
-0.509476 -0.53092
-0.529072 -0.544876
-0.53419 -0.551204
-0.542396 -0.564931
-0.542396 -0.567345
-0.542396 -0.571997
-0.560047 -0.578418
-0.560047 -0.586941
-0.562487 -0.603857
-0.562487 -0.605718
-0.565476 -0.595
-0.565476 -0.603473
-0.565476 -0.595679
-0.567949 -0.596198
-0.569184 -0.591685
-0.562253 -0.589375
-0.570576 -0.608908
-0.570576 -0.592155
-0.559637 -0.582874
-0.561942 -0.56752
-0.554316 -0.58317
-0.558356 -0.532896
-0.558356 -0.536174
-0.537436 -0.544354
-0.505606 -0.47045
-0.481374 -0.4638
-0.467097 -0.461135
-0.422756 -0.420163
-0.427932 -0.391364
-0.427932 -0.398388
-0.412306 -0.351808
-0.345277 -0.313288
-0.308607 -0.302689
-0.288325 -0.255668
-0.288325 -0.281225
-0.246289 -0.243799
-0.221627 -0.193375
-0.221627 -0.220058
-0.195666 -0.190241
-0.176996 -0.147993
-0.155755 -0.134645
-0.155755 -0.152201
-0.155755 -0.121497
-0.130753 -0.127681
-0.106608 -0.0834203
-0.100531 -0.101237
-0.0689649 -0.0653236
-0.0464336 -0.0465509
-0.0101179 -0.0247073
0.0602252 0.0377406
0.0602252 0.0399675
0.126316 0.0754766
0.167845 0.115177
0.167845 0.103381
0.210585 0.140917
0.265097 0.187547
0.265097 0.196479
0.303439 0.211971
0.303439 0.256919
0.347549 0.267813
0.347549 0.260955
0.405279 0.322264
0.405279 0.387303
0.42926 0.403182
0.502218 0.450377
0.544581 0.479064
0.544581 0.524867
0.636002 0.573938
0.685887 0.670143
0.722002 0.678274
0.722002 0.722221
0.837942 0.769605
0.86084 0.751237
0.803868 0.709022
0.737762 0.656554
0.70399 0.605459
0.657597 0.59782
0.657597 0.599578
0.60378 0.566184
0.555736 0.532137
0.555736 0.487786
0.491844 0.486754
0.491844 0.432974
0.31537 0.341472
0.231287 0.272931
0.150107 0.189813
0.0560267 0.13778
-0.0298368 0.0717995
-0.121557 0.0012503
-0.121557 -0.0260756
-0.299946 -0.170019
-0.299946 -0.196935
-0.815799 -0.7797
-0.877756 -0.866963
-0.877756 -0.898155
-0.931396 -0.940666
-0.955098 -0.958889
-0.955098 -0.949288
-0.955098 -0.964686
-0.988049 -0.990107
-1 -0.971729
-0.987438 -0.945436
-0.968457 -0.924803
-0.959445 -0.891724
-0.924986 -0.858691
-0.924986 -0.864952
-0.857059 -0.781252
-0.836828 -0.778091
-0.836828 -0.748044
-0.752571 -0.71497
-0.752571 -0.716747
-0.718502 -0.693271
-0.718502 -0.678451
-0.718502 -0.685777
-0.671103 -0.618872
-0.671103 -0.638909
-0.496665 -0.474796
-0.435511 -0.441051
-0.361319 -0.38425
-0.361319 -0.356369
-0.276019 -0.30658
-0.197609 -0.247771
-0.126046 -0.191401
-0.0545085 -0.15532
-0.0545085 -0.132361
-0.0545085 -0.136577
0.0304066 -0.0925143
0.10164 -0.028487
0.10164 0.0359088
0.171143 0.0624513
0.298184 0.215794
0.435955 0.345077
0.435955 0.352233
0.492562 0.429504
0.492562 0.417017
0.492562 0.481048
0.674359 0.621406
0.674359 0.637296
0.674359 0.630938
0.702144 0.670868
0.74084 0.708184
0.793217 0.761059
0.799461 0.767799
0.799461 0.783185
0.795102 0.789575
0.750593 0.774901
0.715208 0.710101
0.54876 0.554951
0.54876 0.568978
0.54876 0.546594
0.507688 0.54464
0.463915 0.490833
0.405652 0.431608
0.343347 0.371406
0.323882 0.359427
0.0744158 0.121329
0.0744158 0.0928185
0.0744158 0.110332
-0.0154484 0.03424
-0.154033 -0.0941977
-0.154033 -0.0985865
-0.297593 -0.233972
-0.342551 -0.242789
-0.342551 -0.261067
-0.496913 -0.419388
-0.706848 -0.651899
-0.86548 -0.840624
-0.853141 -0.891856
-0.853141 -0.91783
-0.90159 -0.932851
-0.914201 -0.969858
-0.914201 -0.94887
-0.917 -0.961726
-0.925275 -0.916344
-0.925275 -0.914771
-0.923657 -0.873345
-0.913798 -0.820484
-0.890694 -0.816678
-0.828278 -0.767631
-0.630097 -0.580492
-0.450153 -0.458809
-0.222921 -0.272282
-0.146388 -0.190575
-0.146388 -0.148951
0.0558689 -0.0474649
0.154745 0.0766656
0.154745 0.118665
0.309913 0.221983
0.309913 0.21076
0.370529 0.330196
0.448799 0.347379
0.504825 0.411302
0.555683 0.465858
0.598229 0.530067
0.598229 0.52938
0.598229 0.560145
0.619492 0.585257
0.619492 0.564578
0.675751 0.62403
0.742085 0.699927
0.742085 0.694198
0.769226 0.716144
0.766467 0.735843
0.766467 0.700242
0.641492 0.648822
0.641492 0.64347
0.626633 0.610601
0.626633 0.61507
0.581173 0.575355
0.581173 0.53223
0.532318 0.530734
0.525406 0.553664
0.525406 0.528136
0.525406 0.444176
0.421742 0.404392
0.352682 0.328093
0.295207 0.306888
0.174236 0.189022
0.174236 0.202021
0.10284 0.146841
0.10284 0.122528
-0.123693 -0.0971535
-0.287115 -0.239337
-0.418453 -0.373297
-0.52997 -0.519495
-0.583909 -0.590038
-0.583909 -0.597858
-0.583909 -0.635457
-0.675997 -0.686243
-0.675997 -0.704995
-0.849292 -0.841745
-0.891386 -0.88669
-0.874024 -0.935568
-0.886913 -0.920351
-0.922407 -0.93092
-0.922407 -0.939184
-0.931493 -0.948123
-0.931493 -0.933564
-0.848785 -0.85701
-0.824241 -0.825376
-0.824241 -0.789089
-0.805813 -0.795699
-0.746982 -0.727409
-0.717823 -0.690202
-0.676076 -0.623757
-0.676076 -0.646844
-0.676076 -0.591671
-0.574321 -0.551555
-0.574321 -0.503316
-0.512547 -0.477379
-0.44851 -0.423847
-0.44851 -0.441784
-0.386781 -0.427629
-0.313193 -0.339534
-0.244436 -0.280453
-0.244436 -0.254073
0.0551079 -0.0250441
0.0551079 -0.0261378
0.175348 0.103863
0.260791 0.159146
0.43068 0.304143
0.535105 0.377744
0.535105 0.387899
0.574613 0.449435
0.635358 0.549455
0.676956 0.618821
0.676956 0.637352
0.730101 0.662291
0.730101 0.675959
0.730101 0.670963
0.751734 0.708771
0.78292 0.748939
0.78292 0.744178
0.780211 0.741907
0.764477 0.690672
0.764477 0.697616
0.764477 0.709156
0.657465 0.625184
0.626044 0.598125
0.551489 0.550264
0.496447 0.509078
0.431865 0.42207
0.431865 0.447648
0.317819 0.327314
0.317819 0.270919
0.246457 0.259917
0.173066 0.171736
0.173066 0.187029
0.0987408 0.12028
0.0274659 0.0580788
-0.0346868 -0.021469
-0.118589 -0.0861545
-0.232158 -0.172844
-0.318348 -0.248278
-0.318348 -0.317982
-0.540314 -0.452011
-0.540314 -0.479737
-0.730256 -0.701456
-0.775449 -0.745136
-0.775449 -0.765988
-0.83445 -0.807899
-0.83445 -0.818664
-0.863074 -0.85801
-0.863074 -0.868378
-0.900939 -0.920419
-0.900939 -0.926376
-0.900939 -0.935614
-0.940622 -0.965345
-0.899851 -0.943484
-0.899851 -0.961394
-0.899851 -0.942098
-0.899851 -0.916784
-0.914424 -0.928146
-0.863647 -0.886948
-0.865602 -0.849728
-0.865602 -0.85329
-0.865602 -0.860179
-0.840599 -0.82407
-0.812812 -0.806014
-0.812812 -0.779438
-0.762912 -0.744228
-0.762912 -0.707293
-0.718538 -0.709234
-0.659038 -0.660394
-0.514324 -0.415605
-0.261801 -0.370334
-0.261801 -0.343261
-0.20417 -0.197906
-0.207128 -0.157965
-0.207128 -0.127845
-0.207128 -0.108833
-0.224457 -0.125759
-0.236241 -0.104128
-0.236241 -0.0759871
-0.292851 -0.119975
-0.354857 -0.171769
-0.369945 -0.17552
-0.381554 -0.196474
-0.381554 -0.21743
-0.374188 -0.22381
-0.35507 -0.217199
-0.314635 -0.184955
-0.249149 -0.226958
-0.139564 -0.141367
-0.139564 -0.155113
-0.139564 -0.14905
-0.0530102 -0.0511245
0.0161693 -0.0344369
0.0888593 0.0781335
0.191128 0.130119
0.191128 0.2256
0.418853 0.460071
0.418853 0.393036
0.483385 0.502935
0.592873 0.613544
0.592873 0.589915
0.592873 0.597948
0.663047 0.70751
0.982505 0.81942
0.982505 0.859614
0.997322 0.904133
0.987387 0.925451
0.987387 0.93756
0.942024 0.940576
0.942024 0.938007
0.84846 0.872298
0.705567 0.759473
0.669156 0.758765
0.669156 0.730541
0.63087 0.71329
0.593033 0.734467
0.500103 0.574655
0.500103 0.631656
0.463152 0.510784
0.374279 0.47416
0.313478 0.374089
0.239493 0.228913
0.226274 0.235434
0.226274 0.250478
0.21043 0.185885
0.204167 0.21371
0.191787 0.171766
0.148356 0.149483
0.10369 0.0949021
0.0836842 0.0730194
0.0836842 0.0461229
0.0644572 0.0259127
0.0644572 0.051945
0.0386039 0.0241817
0.0386039 0.0204478
0.00789372 -0.00844263
0.00789372 -0.0124321
-0.0153406 -0.0585865
-0.0153406 -0.0362476
-0.0153406 -0.0404388
-0.0153406 -0.0446784
-0.0775478 -0.111706
-0.106634 -0.15671
-0.106634 -0.138053
-0.168191 -0.235139
-0.168191 -0.205926
-0.168191 -0.223812
-0.281435 -0.325792
-0.281435 -0.344417
-0.417474 -0.505873
-0.470305 -0.521978
-0.509935 -0.565208
-0.509935 -0.607746
-0.586331 -0.661548
-0.586331 -0.66853
-0.624442 -0.710008
-0.726427 -0.782228
-0.726427 -0.812095
-0.726427 -0.819035
-0.856108 -0.924741
-0.881585 -0.945497
-0.937548 -0.994499
-0.949601 -0.959787
-0.970334 -0.994923
-0.961699 -0.97779
-0.964293 -0.954667
-0.964293 -0.907516
-0.893501 -0.825963
-0.859785 -0.738971
-0.801979 -0.757707
-0.801979 -0.751111
-0.733976 -0.717213
-0.512744 -0.61031
-0.382105 -0.40098
-0.302409 -0.364841
-0.221703 -0.335926
0.0740679 0.096201
0.138349 0.0910693
0.192946 0.194773
0.217201 0.205267
0.217201 0.208387
0.154674 0.17198
0.145851 0.147842
0.135516 0.156705
0.105363 0.0962249
0.0834768 0.0720481
0.0834768 0.0722514
0.0527382 0.049643
-0.000118169 -0.00371443
-0.0236614 -0.00999303
-0.0236614 -0.0506916
-0.0441269 -0.0848466
-0.0668324 -0.0590705
-0.0856704 -0.0936809
-0.0622674 -0.101355
-0.0345755 -0.0713139
-0.0345755 -0.0728784
-0.0146527 -0.0626569
0.0356068 -0.00864562
0.0356068 0.0164213
0.121769 0.116414
0.121769 0.126632
0.121769 0.143483
0.142024 0.145313
0.142024 0.158538
0.183685 0.223063
0.19996 0.243117
0.19996 0.254664
0.19996 0.258219
0.220802 0.268329
0.235012 0.307121
0.246974 0.317716
0.246974 0.326047
0.253537 0.342613
0.253537 0.351497
0.264846 0.371882
0.272692 0.373971
0.302609 0.414665
0.308571 0.419781
0.308571 0.424143
0.308571 0.426299
0.329568 0.43299
0.329568 0.437216
0.329167 0.443173
0.372456 0.465493
0.399782 0.483537
0.399782 0.477455
0.420735 0.489853
0.436581 0.540835
0.437941 0.526135
0.442049 0.514265
0.442049 0.542249
0.424906 0.527171
0.424906 0.528853
0.449633 0.532043
0.441437 0.493305
0.441437 0.52106
0.399485 0.49463
0.399485 0.497583
0.399485 0.468361
0.373455 0.425526
0.373455 0.463067
0.363281 0.413933
0.337812 0.409228
0.321856 0.387616
0.321856 0.351792
0.287767 0.34298
0.254957 0.260115
0.163706 0.18558
0.14619 0.157768
0.128266 0.143536
0.128266 0.114636
0.0673265 0.0430961
0.0507816 0.0239226
0.0507816 0.042965
0.0110696 -0.0136842
-0.0341267 -0.0568867
-0.046739 -0.120593
-0.0742353 -0.119559
-0.0997034 -0.171305
-0.145189 -0.191446
-0.145189 -0.206306
-0.372692 -0.42286
-0.423874 -0.442783
-0.423874 -0.45584
-0.51825 -0.546308
-0.539624 -0.595963
-0.596553 -0.650774
-0.635097 -0.691164
-0.671506 -0.739842
-0.705527 -0.775414
-0.705527 -0.789354
-0.757843 -0.836232
-0.804504 -0.847722
-0.804504 -0.846671
-0.887732 -0.899753
-0.887732 -0.927674
-0.915403 -0.927371
-0.915403 -0.949698
-0.934297 -0.953602
-0.934297 -0.977585
-0.939242 -0.984597
-0.939242 -0.955571
-0.901661 -0.956282
-0.958413 -0.895775
-0.755538 -0.732673
-0.642588 -0.625216
-0.50094 -0.590812
-0.50094 -0.584105
-0.430957 -0.526566
-0.430957 -0.523033
-0.351723 -0.465254
-0.277495 -0.325696
-0.204587 -0.316008
-0.100101 -0.191972
-0.0337623 -0.0697967
-0.0337623 -0.125179
0.0178285 -0.00353574
0.0178285 -0.0585198
0.0626603 0.0305928
0.0821318 0.0465829
0.158076 0.159413
0.190915 0.195895
0.190915 0.209906
0.178959 0.196693
0.162373 0.184175
0.144774 0.188848
0.144774 0.17411
0.128959 0.154823
0.107488 0.132866
0.107488 0.100604
0.0512591 0.0805554
0.0159799 0.0517499
-0.0185035 -0.0222607
-0.115228 -0.119801
-0.123711 -0.161616
-0.132565 -0.125819
-0.132565 -0.123276
-0.133475 -0.163602
-0.116369 -0.136863
-0.104443 -0.149722
-0.0674075 -0.0915594
-0.0674075 -0.0893822
-0.0254466 -0.0473378
0.0109301 0.0204095
0.060087 0.0723918
0.0871674 0.110656
0.129931 0.171627
0.129931 0.191952
0.190276 0.279316
0.210514 0.293693
0.247149 0.364632
0.269827 0.401985
0.275327 0.398779
0.0607887 0.16898
-0.0321201 0.121361
-0.0321201 0.119324
-0.201245 -0.131482
-0.250467 -0.0899005
-0.279594 -0.116059
-0.320753 -0.121773
-0.392146 -0.295416
-0.43895 -0.371918
-0.470006 -0.45821
-0.613383 -0.631841
-0.631854 -0.631879
-0.631854 -0.635459
-0.623407 -0.58856
-0.550579 -0.539592
-0.344803 -0.311707
-0.242498 -0.170648
-0.200026 -0.114674
-0.200026 -0.155597
-0.200026 -0.155865
-0.106963 -0.0679037
-0.00540229 0.0128521
0.172333 0.138171
0.280431 0.216608
0.305533 0.339089
0.331944 0.47829
0.302609 0.337436
0.302609 0.339938
0.240224 0.240009
0.240224 0.242739
0.210917 0.169788
0.179539 0.131059
0.147697 0.0752735
0.112387 0.0179365
0.100375 0.0134892
0.100375 0.0169165
0.0584773 -0.0468176
0.0471463 -0.0706089
0.0471463 -0.0630286
0.0474343 -0.100022
0.0519154 -0.100726
0.0519154 -0.103799
0.0596437 -0.0919445
0.0596437 -0.0943876
0.0596437 -0.0908225
0.126172 -0.0293709
0.175918 0.0421376
0.175918 0.0679674
0.219288 0.130279
0.229289 0.153759
0.252185 0.206891
0.252185 0.201015
0.252185 0.203564
0.255689 0.201697
0.258324 0.172372
0.258324 0.162068
0.257193 0.208912
0.264504 0.211905
0.248627 0.195873
0.25558 0.154018
0.254061 0.185299
0.268193 0.189483
0.275139 0.182598
0.290894 0.168372
0.299858 0.167016
0.316348 0.195675
0.335892 0.198587
0.335892 0.20757
0.339511 0.180535
0.332905 0.19512
0.295469 0.20149
0.208992 0.126539
0.169075 0.101535
0.169075 0.138758
0.12656 0.0680749
0.0772648 0.0352848
0.0217867 -0.0141029
-0.0145193 0.0365391
-0.0760331 0.00191781
-0.189793 -0.134194
-0.189793 -0.100527
-0.238734 -0.112312
-0.279551 -0.266383
-0.327666 -0.381924
-0.365224 -0.485554
-0.390752 -0.51679
-0.390752 -0.594121
-0.436804 -0.700675
-0.439695 -0.675338
-0.444199 -0.698332
-0.431771 -0.644864
-0.257093 -0.326643
-0.153825 -0.129796
-0.0632636 0.0779134
-0.0268129 0.120381
-0.0268129 0.117966
-0.00538073 0.157329
-0.00538073 0.130609
-0.0434929 0.0916249
-0.0963795 0.033404
-0.131928 0.0261607
-0.164185 -0.038539
-0.164185 -0.0989042
-0.229329 -0.0948092
-0.229329 -0.12603
-0.260988 -0.165281
-0.290403 -0.163713
-0.290403 -0.242071
-0.339019 -0.31484
-0.363357 -0.292621
-0.363357 -0.322916
-0.367798 -0.310729
-0.370384 -0.36225
-0.378296 -0.367111
-0.373744 -0.378123
-0.356612 -0.354838
-0.356612 -0.359725
-0.335436 -0.341089
-0.335436 -0.332761
-0.333856 -0.287695
-0.33557 -0.283705
-0.354982 -0.232826
-0.354982 -0.27661
-0.360877 -0.269845
-0.375828 -0.26999
-0.395641 -0.276458
-0.349877 -0.249172
-0.330133 -0.224887
-0.303639 -0.225916
-0.123668 -0.153209
-0.123668 -0.134049
-0.00908707 -0.0531679
0.0544058 0.0730218
0.210912 1.09724
0.580301 0.367162
0.580301 0.365851
0.542101 0.346355
0.542101 0.343879
0.497892 0.342642
0.405571 0.320898
0.374692 0.2875
0.33275 0.303161
0.301425 0.262838
0.260031 0.281738
0.260031 0.270577
0.217132 0.262717
0.143458 0.280497
0.143458 0.273207
0.0970971 0.280637
0.0497024 0.270551
-0.000926838 0.242437
-0.000926838 0.211203
-0.0589214 0.158756
-0.111676 0.13891
-0.196043 0.0350897
-0.261653 -0.189927
-0.333422 -0.251361
-0.333422 -0.319502
-0.327871 -0.351098
-0.321627 -0.386488
-0.30738 -0.451446
-0.289455 -0.418915
-0.260823 -0.387831
-0.22318 -0.356678
-0.22318 -0.346628
-0.22318 -0.316596
-0.179262 -0.275449
0.0318148 -0.0344863
0.0622277 -0.0364461
0.0622277 -0.0012305
0.085156 0.000466745
0.085156 0.0285435
0.0994209 0.0428957
0.0994209 0.0643142
0.110197 0.10348
0.110197 0.103871
0.121642 0.10754
0.131187 0.129892
0.134929 0.125757
0.141147 0.141775
0.138669 0.138108
0.138669 0.139978
0.138319 0.134902
0.133672 0.131954
0.133672 0.122436
0.134724 0.108178
0.131099 0.10309
0.128241 0.0933834
0.131399 0.0912087
0.153019 0.101053
0.194244 0.167289
0.194244 0.156093
0.194036 0.152771
0.188757 0.172856
0.188757 0.161622
0.193572 0.160649
0.17863 0.161891
-0.0115752 0.00978648
-0.0115752 0.01226
-0.0308179 -0.061935
-0.0436778 -0.0614798
-0.0436778 -0.0879831
-0.0557938 -0.0854792
-0.0557938 -0.105802
-0.0647621 -0.104888
-0.0647621 -0.119169
-0.0647621 -0.117887
-0.0662717 -0.126201
-0.0651513 -0.131459
-0.0573967 -0.128664
-0.0519922 -0.119783
-0.0364687 -0.0960434
-0.0288136 -0.0916672
-0.0288136 -0.084816
-0.0154421 -0.0678128
-0.00867044 -0.0568933
-0.00303714 -0.0480745
0.00138886 -0.0406849
0.00438315 -0.0402808
0.00374032 -0.0200861
-0.00837045 -0.0279892
-0.0160793 -0.0350781
-0.0274537 -0.0491994
-0.0335858 -0.0600434
-0.0500611 -0.083908
-0.0500611 -0.0972768
-0.0580118 -0.098597
-0.0604101 -0.103424
-0.0620421 -0.107238
-0.0620421 -0.107731
-0.0630195 -0.109996
-0.0630195 -0.110869
-0.063394 -0.11637
0.0405448 -0.102349
0.0405448 -0.100064
0.061642 -0.088665
0.111904 -0.0635425
0.161843 0.0129837
0.161843 0.0256575
0.240137 0.142977
0.249773 0.162852
0.249773 0.176882
0.248011 0.231267
0.247395 0.234287
0.229748 0.227233
0.229748 0.235442
0.22085 0.2147
0.22085 0.221479
0.221403 0.234701
0.213133 0.225814
0.213133 0.190636
0.187616 0.176862
0.187616 0.165267
0.175343 0.163785
0.145405 0.121153
0.130547 0.10739
0.116138 0.125297
0.116138 0.126732
0.10486 0.0807707
0.0891555 0.098829
0.0891555 0.101109
0.0726012 0.0600788
0.0642696 0.0654053
0.0642696 0.0548551
0.0540262 0.0414955
0.0339563 0.0378944
0.0239799 0.0266337
0.0239799 0.0366974
0.0141678 0.00750425
0.00433091 0.0168727
0.00433091 0.026273
-0.00575578 0.0218529
-0.0210155 -0.0118805
-0.0360379 0.00737051
-0.0360379 -0.00898376
-0.0740629 -0.0222846
-0.0896159 -0.0327792
-0.106599 -0.0486668
-0.122327 -0.0592823
-0.147023 -0.0956522
-0.163994 -0.0965349
-0.163994 -0.098309
-0.180507 -0.12196
-0.234611 -0.135505
-0.234611 -0.13794
-0.234611 -0.142997
-0.246272 -0.150363
-0.246272 -0.1528
-0.246272 -0.155235
-0.267228 -0.169057
-0.277042 -0.194844
-0.290465 -0.220369
-0.289166 -0.247162
-0.295705 -0.264832
-0.305528 -0.275138
-0.313774 -0.287128
-0.315915 -0.28752
-0.315915 -0.292033
-0.315915 -0.294489
-0.320666 -0.302333
-0.318874 -0.301491
-0.311328 -0.304186
-0.302729 -0.294373
-0.315787 -0.280811
-0.315787 -0.294368
-0.312905 -0.263084
-0.312905 -0.288483
-0.315418 -0.270911
-0.315418 -0.282557
-0.315676 -0.270894
-0.315676 -0.28274
-0.321583 -0.272394
-0.320733 -0.273258
-0.325168 -0.288792
-0.319438 -0.274253
-0.323303 -0.273543
-0.316802 -0.27942
-0.342176 -0.293402
-0.348224 -0.311507
-0.351353 -0.329217
-0.345074 -0.313929
-0.335829 -0.329111
-0.335829 -0.313662
-0.337971 -0.333185
-0.353331 -0.338166
-0.353331 -0.323819
-0.351819 -0.315525
-0.351819 -0.336452
-0.348574 -0.335891
-0.290671 -0.327484
-0.274187 -0.302991
-0.274187 -0.32163
-0.274187 -0.320151
-0.263158 -0.31076
-0.263158 -0.266768
-0.244419 -0.280221
-0.244419 -0.282357
-0.221475 -0.23428
-0.221475 -0.254895
-0.20294 -0.235237
-0.20294 -0.236001
-0.164705 -0.191425
-0.14311 -0.163805
-0.14311 -0.164201
-0.14311 -0.164561
-0.14311 -0.129116
-0.103767 -0.112062submatrix_1
-0.0701729 -0.0170129
-0.0701729 -0.0241312
-0.0701729 -0.0207207
-0.0701729 -0.00381845
-0.0255862 0.0375132
0.0426234 0.0951193
0.0914123 0.121315
0.107186 0.136683
0.129377 0.176359
0.129377 0.156172
0.129377 0.176227
0.142912 0.194772
0.163004 0.187191
0.211877 0.222106
0.232467 0.244392
0.252444 0.264466
0.252444 0.251189
0.253181 0.262822
0.253181 0.292829
0.244093 0.273414
0.27337 0.283521
0.281255 0.297309
0.29582 0.298263
0.291842 0.299245
0.291842 0.288143
0.3069 0.322865
0.3069 0.304823
0.302993 0.301561
0.306683 0.286483
0.326367 0.295191
0.326367 0.276422
0.283029 0.257133
0.257153 0.232644
0.253665 0.22163
0.253665 0.228762
0.222655 0.191047
0.222655 0.186965
0.2072 0.168027
0.191064 0.162832
0.191064 0.160351
0.191064 0.162657
0.176106 0.130442
0.161212 0.100355
0.127697 0.0823679
0.127697 0.0794561
0.114215 0.067602
0.0948791 0.0455703
0.0948791 0.0491872
0.0948791 0.0497132
0.0948791 0.0421039
0.0948791 0.0291023
0.0431015 -0.00364634
0.0431015 -0.00396874
0.0219914 -0.0114006
0.0219914 -0.0226813
0.0219914 -0.0232979
0.0210033 -0.0508163
0.0210033 -0.041801
-0.0496647 -0.0903427
-0.069862 -0.132701
-0.11381 -0.149197
-0.136316 -0.170457
-0.150733 -0.189217
-0.173073 -0.234969
-0.183921 -0.251938
-0.235724 -0.293249
-0.301977 -0.340662
-0.301977 -0.362649
-0.326418 -0.3588
-0.349296 -0.399483
-0.364721 -0.390588
-0.379118 -0.430698
-0.379118 -0.405581
-0.379118 -0.433373
-0.40008 -0.446993
-0.418686 -0.467614
-0.418686 -0.450986
-0.418686 -0.466882
-0.430745 -0.461085
-0.430745 -0.466509
-0.469928 -0.520118
-0.499343 -0.536593
-0.514601 -0.555854
-0.523976 -0.528838
-0.546962 -0.519736
-0.546962 -0.529334
-0.541998 -0.538505
-0.542775 -0.569291
-0.548718 -0.551899
-0.548718 -0.56396
-0.571498 -0.598765
-0.579404 -0.585656
-0.579404 -0.596582
-0.602133 -0.579041
-0.598828 -0.601735
-0.598828 -0.578907
-0.596042 -0.598751
-0.591268 -0.574501
-0.591268 -0.594505
-0.589778 -0.599152
-0.590515 -0.556482
-0.590515 -0.573899
-0.585627 -0.572487
-0.578353 -0.545743
-0.564731 -0.546046
-0.564731 -0.537186
-0.550804 -0.505007
-0.5378 -0.490618
-0.553582 -0.498561
-0.552289 -0.493827
-0.516496 -0.451554
-0.476854 -0.424321
-0.455358 -0.392897
-0.455358 -0.390417
-0.455358 -0.387909
-0.441052 -0.391325
-0.427551 -0.365876
-0.407239 -0.358417
-0.388637 -0.334194
-0.388637 -0.337264
-0.368 -0.320611
-0.371231 -0.306993
-0.371231 -0.295381
-0.33469 -0.277774
-0.33469 -0.268739
-0.297928 -0.242048
-0.252511 -0.189044
-0.252511 -0.183092
-0.220553 -0.150313
-0.199228 -0.147161
-0.12449 -0.0811805
-0.12449 -0.0644388
-0.110365 -0.0562539
-0.0308559 0.023193
0.0122104 0.0578257
0.0122104 0.0776384
0.0349487 0.0776157
0.0670857 0.105915
0.103337 0.134658
0.150905 0.180894
0.150905 0.199836
0.16351 0.197479
0.227632 0.266777
0.227632 0.248086
0.247063 0.295592
0.247063 0.272585
0.273031 0.27673
0.273031 0.295944
0.277023 0.298052
0.279613 0.287532
0.281421 0.300343
0.281421 0.285244
0.292962 0.291644
0.292962 0.297386
0.294835 0.301024
0.284015 0.291914
0.299225 0.279781
0.305236 0.305995
0.305236 0.2862
0.298997 0.305443
0.307395 0.286041
0.282084 0.28278
0.282084 0.274824
0.275487 0.256024
0.269579 0.262632
0.269579 0.243452
0.26061 0.229418
0.26061 0.233164
0.271595 0.234636
0.271595 0.238177
0.259042 0.217689
0.238087 0.20772
0.224142 0.191497
0.179695 0.137754
0.139155 0.10227
0.0680049 0.0264674
0.0680049 0.013971
0.0468849 0.00436599
0.00902671 -0.0378984
-0.0120843 -0.0593826
-0.0120843 -0.0601492
-0.0293279 -0.0767994
-0.032319 -0.0742858
-0.0619932 -0.11507
-0.0882332 -0.131587
-0.0998005 -0.152978
-0.0998005 -0.148514
-0.122888 -0.178156
-0.122888 -0.180209
-0.160025 -0.19995
-0.173533 -0.207218
-0.193364 -0.227111
-0.217759 -0.256133
-0.236638 -0.273308
-0.231787 -0.262754
-0.231787 -0.267261
-0.231787 -0.2721
-0.275504 -0.315425
-0.300839 -0.327361
-0.345735 -0.396315
-0.363446 -0.413601
-0.363446 -0.387774
-0.380442 -0.40069
-0.399078 -0.445143
-0.425113 -0.436306
-0.425113 -0.446685
-0.433673 -0.45224
-0.433673 -0.471109
-0.456124 -0.482966
-0.491467 -0.512033
-0.516586 -0.521266
-0.516586 -0.527157
-0.557742 -0.568918
-0.578752 -0.574789
-0.582478 -0.591247
-0.582478 -0.590172
-0.594138 -0.586788
-0.592641 -0.615611
-0.592641 -0.591909
-0.573931 -0.590648
-0.592446 -0.572635
-0.592446 -0.578481
-0.587937 -0.597837
-0.587937 -0.576491
-0.607899 -0.584293
-0.573958 -0.601502
-0.583636 -0.584591
-0.568788 -0.552571
-0.572314 -0.551772
-0.571924 -0.533529
-0.571924 -0.537254
-0.571924 -0.539651
-0.561781 -0.513322
-0.561781 -0.52127
-0.544455 -0.515123
-0.529587 -0.494694
-0.485851 -0.453973
-0.415913 -0.36493
-0.396235 -0.348255
-0.370848 -0.322102
-0.352882 -0.306495
-0.352882 -0.309527
-0.352882 -0.309948
-0.335083 -0.29965
-0.335083 -0.289986
-0.275516 -0.220103
-0.275516 -0.223934
-0.256764 -0.196838
-0.256764 -0.206448
-0.256764 -0.195456
-0.21898 -0.174167
-0.173783 -0.123517
-0.15886 -0.0811589
-0.136362 -0.0948227
-0.136362 -0.0802414
-0.120921 -0.0607352
-0.0966289 -0.0162939
-0.0535207 -0.017103
0.0606793 0.0931348
0.0606793 0.097614
0.0652667 0.10873
0.085535 0.174334
0.119816 0.180107
0.135242 0.176411
0.194899 0.218671
0.214727 0.231309
0.214727 0.22258
0.237415 0.25362
0.247534 0.285212
0.287194 0.295719
0.296309 0.329185
0.296309 0.302919
0.32003 0.321096
0.322111 0.352647
0.322111 0.323608
0.331508 0.348084
0.315433 0.335054
0.329494 0.343693
0.329494 0.32418
0.329494 0.334067
0.326775 0.320585
0.322245 0.341236
0.341894 0.328457
0.317312 0.306074
0.314904 0.301204
0.329432 0.29726
0.352765 0.31196
0.352765 0.30849
0.389528 0.317621
0.393572 0.327865
0.393572 0.313965
0.390942 0.31614
0.393166 0.319873
0.393166 0.330614
0.413955 0.339788
0.413955 0.354138
0.406762 0.351605
0.406762 0.339952
0.401901 0.35183
0.401901 0.348928
0.346479 0.332636
0.330153 0.294187
0.304062 0.286027
0.304062 0.259197
0.233468 0.209106
0.140152 0.118303
0.0936018 0.0816389
0.0936018 0.0317505
-0.0478302 -0.0482537
-0.25488 -0.209822
-0.307674 -0.314763
-0.573163 -0.528091
-0.645538 -0.608726
-0.696824 -0.63727
-0.696824 -0.647527
-0.735332 -0.680368
-0.797898 -0.732782
-0.797898 -0.760646
-0.834869 -0.780691
-0.834869 -0.805871
-0.917968 -0.87142
-0.953138 -0.88588
-0.964379 -0.914486
-0.985806 -0.893446
-0.983553 -0.887272
-0.969429 -0.891848
-0.969429 -0.912384
-0.90756 -0.846498
-0.90756 -0.862949
-0.664003 -0.66578
-0.614117 -0.655704
-0.614117 -0.610176
-0.556106 -0.555295
-0.49426 -0.549525
-0.49426 -0.525815
-0.49426 -0.491086
-0.417918 -0.453887
-0.258904 -0.304973
-0.186465 -0.260999
-0.113946 -0.156308
-0.0297244 -0.0839417
0.0453643 0.00138167
0.0453643 0.00917021
0.113754 0.115134
0.194825 0.135067
0.194825 0.185046
0.364748 0.315966
0.364748 0.326102
0.419193 0.352382
0.419193 0.37884
0.419193 0.379238
0.490338 0.447089
0.490338 0.434631
0.540916 0.54604
0.585235 0.550643
0.620282 0.584079
0.620282 0.610353
0.643381 0.597799
0.661499 0.60849
0.654669 0.611169
0.642581 0.597092
0.642581 0.615506
0.642581 0.599147
0.640363 0.594303
0.617722 0.578525
0.617722 0.559986
0.589644 0.562228
0.487163 0.520047
0.433639 0.437084
0.433639 0.441319
0.390391 0.430625
0.390391 0.396617
0.390391 0.404698
0.193004 0.246761
0.193004 0.235088
0.193004 0.218472
0.135806 0.163357
0.112874 0.14301
-0.0145514 0.0231117
-0.0769688 -0.00814712
-0.0769688 -0.0376578
-0.143946 -0.104981
-0.211179 -0.147565
-0.333242 -0.282552
-0.554243 -0.520279
-0.554243 -0.502907
-0.554243 -0.534075
-0.604615 -0.551721
-0.689331 -0.632894
-0.732158 -0.662403
-0.767866 -0.712983
-0.806381 -0.729428
-0.862221 -0.823638
-0.862221 -0.851026
-0.862221 -0.837484
-0.899343 -0.854336
-0.879262 -0.824178
-0.879262 -0.834069
-0.848635 -0.794686
-0.858881 -0.796084
-0.858881 -0.802721
-0.820745 -0.792821
-0.706911 -0.711563
-0.555661 -0.567825
-0.481424 -0.499296
-0.481424 -0.473951
-0.42518 -0.418332
-0.305636 -0.363372
-0.305636 -0.331032
-0.236538 -0.247299
-0.153583 -0.197976
-0.153583 -0.172294
-0.0178122 -0.0526058
0.0625864 0.0608381
0.124395 0.0845784
0.308567 0.264034
0.48032 0.453735
0.594767 0.553233
0.655215 0.596431
0.647178 0.623177
0.647178 0.594632
0.643694 0.600291
0.555206 0.542498
0.555206 0.51042
0.495241 0.507345
0.495241 0.48069
0.467313 0.460856
0.441686 0.442019
0.406558 0.432408
0.361332 0.371613
0.311508 0.34929
0.311508 0.327384
0.311508 0.300983
0.252615 0.303959
0.252615 0.271076
0.201122 0.238797
0.081123 0.112091
0.081123 0.0991291
-0.168551 -0.163169
-0.246046 -0.198201
-0.246046 -0.232481
-0.406578 -0.359997
-0.406578 -0.377791
-0.493982 -0.433054
-0.493982 -0.443022
-0.548237 -0.497132
-0.548237 -0.531536
-0.598266 -0.540583
-0.641156 -0.552204
-0.641156 -0.571521
-0.641156 -0.640497
-0.678403 -0.689203
-0.721941 -0.721052
-0.774385 -0.749742
-0.826605 -0.798359
-0.826605 -0.792544
-0.861897 -0.802812
-0.861897 -0.828357
-0.878617 -0.846148
-0.879818 -0.841643
-0.8248 -0.775143
-0.731481 -0.699507
-0.696125 -0.67586
-0.696125 -0.680116
-0.696125 -0.665629
-0.665585 -0.629796
-0.665585 -0.62922
-0.453451 -0.457138
-0.387759 -0.394835
-0.31366 -0.349514
-0.258558 -0.268942
-0.17415 -0.195145
-0.17415 -0.189875
-0.0685541 -0.127665
-0.0685541 -0.0974943
0.00583269 -0.0111171
0.077642 0.0590758
0.077642 0.0926764
0.137863 0.116899
0.270229 0.240992
0.339757 0.294072
0.408252 0.383227
0.408252 0.369126
0.408252 0.407025
0.490044 0.47667
0.490044 0.501168
0.558241 0.529394
0.581938 0.558559
0.581938 0.541426
0.561389 0.519136
0.58998 0.565859
0.593835 0.576569
0.593835 0.599128
0.530183 0.558269
0.530183 0.514385
0.486769 0.507714
0.475358 0.473649
0.411115 0.44051
0.383202 0.416088
0.383202 0.39027
0.336594 0.381263
0.277043 0.33211
0.18388 0.21461
0.18388 0.211656
0.128517 0.19382
0.128517 0.182117
0.128517 0.16844
0.0687316 0.111919
-0.0629894 -0.00784573
-0.0629894 -0.0152763
-0.121706 -0.0690432
-0.34382 -0.264849
-0.34382 -0.273164
-0.34382 -0.268431
-0.438819 -0.404411
-0.529068 -0.449121
-0.645453 -0.559038
-0.69169 -0.600074
-0.732617 -0.688282
-0.732617 -0.654811
-0.819112 -0.744703
-0.819112 -0.796075
-0.880492 -0.809391
-0.895109 -0.853027
-0.895109 -0.832725
-0.859739 -0.842524
-0.886137 -0.838753
-0.867927 -0.849129
-0.874139 -0.822098
-0.880488 -0.808387
-0.876252 -0.801845
-0.876252 -0.808264
-0.800445 -0.757223
-0.800445 -0.75262
-0.674458 -0.662298
-0.633994 -0.650991
-0.633994 -0.631613
-0.577097 -0.609431
-0.577097 -0.581238
-0.515555 -0.554084
-0.515555 -0.526221
-0.442201 -0.474801
-0.442201 -0.456863
-0.442201 -0.454675
-0.310629 -0.329025
-0.231503 -0.283316
-0.231503 -0.276716
-0.231503 -0.244989
-0.231503 -0.214268
-0.160147 -0.186981
-0.112919 -0.122525
-0.0180227 -0.0636394
-0.0180227 -0.0448852
-0.0180227 -0.0376086
0.0434138 0.015576
0.102992 0.0926068
0.102992 0.136211
0.25078 0.223868
0.25078 0.259593
0.304416 0.290097
0.342799 0.340658
0.458389 0.763957
0.932157 0.739121
0.932157 0.701723
0.549303 0.497194
0.451935 0.425354
0.451935 0.401607
0.451935 0.403293
0.333415 0.358952
0.230504 0.262284
0.230504 0.216621
-0.0366644 0.0674926
-0.361439 -0.407582
-0.454636 -0.457219
-0.6367 -0.637972
-0.6367 -0.678456
-0.768572 -0.815701
-0.828391 -0.924109
-0.869578 -0.92719
-0.904717 -1.01592
-0.933152 -1.03659
-0.933152 -1.06898
-0.933152 -1.07394
-0.902222 -1.00818
-0.895918 -1.01747
-0.879986 -0.95623
-0.877994 -0.936957
-0.877994 -0.870205
-0.715498 -0.715583
-0.715498 -0.744808
-0.704824 -0.683058
-0.616237 -0.620368
-0.616237 -0.632351
-0.616237 -0.631254
-0.566673 -0.56327
-0.371907 -0.451171
-0.371907 -0.421903
-0.256543 -0.331075
-0.208646 -0.273271
-0.208646 -0.263741
-0.121146 -0.144738
-0.121146 -0.150777
-0.0216943 -0.021405
-0.00290548 -0.0100286
0.00322829 -0.00622341
0.00322829 0.0019121
0.0156417 0.00600315
0.0249717 0.0649043
0.0367283 0.024754
0.0367283 0.0806742
0.0401019 0.0355825
0.052139 0.0961883
0.0989354 0.132963
0.151106 0.151713
0.165537 0.186513
0.165537 0.226504
0.187603 0.191381
0.188893 0.257728
0.212498 0.257137
0.241842 0.318869
0.251235 0.35603
0.26548 0.366019
0.26548 0.360005
0.270545 0.345621
0.270545 0.373503
0.280964 0.384733
0.280964 0.390456
0.287707 0.39226
0.287707 0.397893
0.291248 0.371769
0.291248 0.39591
0.291248 0.40145
0.291248 0.406956
0.316159 0.414939
0.318731 0.391641
0.318731 0.41178
0.309606 0.387216
0.309606 0.408613
0.309606 0.415708
0.312566 0.396836
0.312566 0.397249
0.308737 0.352693
0.301891 0.333131
0.290191 0.315917
0.290191 0.298906
0.250793 0.262112
0.250793 0.261501
0.231055 0.23485
0.17269 0.189749
0.17269 0.148502
0.17269 0.145559
0.0689921 0.00614045
0.027616 -0.0358837
-0.0703357 -0.155691
-0.121346 -0.226379
-0.187672 -0.275652
-0.250558 -0.354452
-0.32239 -0.421007
-0.32239 -0.409863
-0.637151 -0.702594
-0.765442 -0.777694
-0.820187 -0.832635
-0.820187 -0.849378
-0.8831 -0.9076
-0.939986 -0.96171
-0.940215 -0.903188
-0.945183 -0.880684
-0.922784 -0.913687
-0.786135 -0.751934
-0.733854 -0.744681
-0.678685 -0.672716
-0.596178 -0.608226
-0.596178 -0.585309
-0.500459 -0.537568
-0.473993 -0.485394
-0.479984 -0.47468
-0.436655 -0.430856
-0.415225 -0.40924
-0.415225 -0.409207
-0.391412 -0.3905
-0.351889 -0.384297
-0.336006 -0.345638
-0.336006 -0.355545
-0.319175 -0.35178
-0.314608 -0.319589
-0.298143 -0.299251
-0.297324 -0.299359
-0.295297 -0.306878
-0.295297 -0.310146
-0.295263 -0.314501
-0.304529 -0.335646
-0.304529 -0.324091
-0.313125 -0.340777
-0.313125 -0.338492
-0.313125 -0.346797
-0.313897 -0.343649
-0.313897 -0.341496
-0.30697 -0.33966
-0.304113 -0.342402
-0.304113 -0.339839
-0.304113 -0.340558
-0.302188 -0.345848
-0.298299 -0.334421
-0.292059 -0.332586
-0.292059 -0.32673
-0.285187 -0.322933
-0.285187 -0.318914
-0.270917 -0.305956
-0.26346 -0.301043
-0.245715 -0.264652
-0.234584 -0.250233
-0.234584 -0.249217
-0.234584 -0.24934
-0.233293 -0.246033
-0.233293 -0.244872
-0.210145 -0.219175
-0.161857 -0.169961
-0.153084 -0.15761
-0.153084 -0.162895
-0.132653 -0.13797
-0.0417493 -0.029504
-0.0231751 -0.00683045
0.0011501 -0.00926639
0.0011501 0.0217683
0.0364491 0.0712219
0.0364491 0.0754826
0.0592837 0.0882939
0.0772352 0.0761806
0.0772352 0.110405
0.0890935 0.131185
0.0890935 0.145439
0.0890935 0.13069
0.129867 0.137223
0.129867 0.182007
0.143391 0.182441
0.175721 0.233777
0.187222 0.25415
0.187222 0.237423
0.213596 0.273371
0.24526 0.293715
0.268676 0.355034
0.27466 0.340552
0.280359 0.366503
0.280359 0.358946
0.291089 0.35066
0.29222 0.358748
0.29222 0.403224
0.314053 0.40682
0.326649 0.421035
0.315305 0.385489
0.329145 0.421344
0.329438 0.4211
0.358215 0.425054
0.358215 0.442053
0.365675 0.419537
0.365633 0.418259
0.365633 0.404621
0.343343 0.366105
0.311222 0.329886
0.299987 0.303722
0.270932 0.266082
0.238714 0.222878
0.20364 0.180903
0.20364 0.17522
0.170943 0.123716
0.15771 0.110524
0.15771 0.109693
0.0714198 0.0447585
0.0714198 -0.00390149
0.0250752 -0.00386459
0.0250752 -0.049502
-0.0280248 -0.059696
-0.0280248 -0.113293
-0.14429 -0.240367
-0.14429 -0.244325
-0.224185 -0.362032
-0.342646 -0.370719
-0.82223 -0.833284
-0.905474 -0.864841
-0.965952 -0.986469
-0.965952 -0.988264
-0.989915 -1.00039
-0.989915 -1.00632
-1 -0.989536
-0.985439 -0.912509
-0.918293 -0.916776
-0.844334 -0.84459
-0.831556 -0.76954
-0.831556 -0.818381
-0.793227 -0.740168
-0.793227 -0.790487
-0.755149 -0.757274
-0.760435 -0.744539
-0.61522 -0.663342
-0.561019 -0.579504
-0.561019 -0.559852
-0.48549 -0.484214
-0.463111 -0.461617
-0.465353 -0.447532
-0.465353 -0.462313
-0.446838 -0.43956
-0.428621 -0.418368
-0.428621 -0.426046
-0.393688 -0.388861
-0.372342 -0.374619
-0.350072 -0.375083
-0.315134 -0.338939
-0.311827 -0.345928
-0.302332 -0.310648
-0.302332 -0.312066
-0.296238 -0.32333
-0.296063 -0.308935
-0.293301 -0.318551
-0.289598 -0.311211
-0.289598 -0.312291
-0.298215 -0.32195
-0.292583 -0.329749
-0.291735 -0.324713
-0.292354 -0.326458
-0.284564 -0.325961
-0.284564 -0.324572
-0.277414 -0.315549
-0.277594 -0.316637
-0.258322 -0.294272
-0.246499 -0.26889
-0.237849 -0.262355
0.60308 0.421947
0.649958 0.435625
0.649958 0.435677
0.706481 0.434495
0.723462 0.575461
0.734884 0.588305
0.75035 0.626646
0.76348 0.729652
0.771092 0.73043
0.776647 0.707355
0.778074 0.792486
0.767263 0.778689
0.767263 0.781538
0.724279 0.697701
0.632959 0.604292
0.49103 0.465751
0.425248 0.444557
0.409773 0.424146
0.409773 0.386838
0.409773 0.396635
0.390608 0.339859
0.325245 0.284438
0.198094 0.235779
-0.0182958 0.0201236
-0.0824792 -0.0682879
-0.243619 -0.225326
-0.443379 -0.412004
-0.443379 -0.415738
-0.455167 -0.435756
-0.455167 -0.440106
-0.472112 -0.473382
-0.495098 -0.538809
-0.512181 -0.619535
-0.516341 -0.665948
-0.514381 -0.670173
-0.514381 -0.675804
-0.511068 -0.677635
-0.500098 -0.657146
-0.500098 -0.652939
-0.445718 -0.538973
-0.415693 -0.495223
-0.415693 -0.472717
-0.384085 -0.447421
-0.384085 -0.432562
-0.384085 -0.43791
-0.282028 -0.305661
-0.234886 -0.222666
-0.234886 -0.226503
-0.231159 -0.199152
-0.237068 -0.196274
-0.269519 -0.231662
-0.269519 -0.233933
-0.269519 -0.238449
-0.283802 -0.256169
-0.299766 -0.272541
-0.299766 -0.300796
-0.328763 -0.328351
-0.346068 -0.350301
-0.36794 -0.39061
-0.381249 -0.438077
-0.381289 -0.44078
-0.384266 -0.453918
-0.372351 -0.449375
-0.366002 -0.44745
-0.345338 -0.442351
-0.334402 -0.42621
-0.315757 -0.406005
-0.315757 -0.408439
-0.300459 -0.406688
-0.282675 -0.375072
-0.238257 -0.348574
-0.189212 -0.295542
-0.177632 -0.297506
-0.177632 -0.27438
-0.168429 -0.283941
-0.160246 -0.259592
-0.156298 -0.259097
-0.160679 -0.223501
-0.159895 -0.211492
-0.163017 -0.17756
-0.163017 -0.179882
-0.165774 -0.166699
-0.177344 -0.223109
-0.182914 -0.28259
-0.183565 -0.284832
-0.182964 -0.256515
-0.182964 -0.272369
-0.174969 -0.224389
-0.170162 -0.200167
-0.160123 -0.170771
-0.148381 -0.158605
-0.0978534 -0.054157
-0.0682524 0.00200774
-0.0331807 0.0630511
-0.017753 0.0787098
-0.017753 0.0805195
-0.00527221 0.102538
-0.00527221 0.0853377
0.00435285 0.0980775
0.0050968 0.0962135
0.00651997 0.107543
0.00292475 0.0866848
0.00292475 0.102666
0.000771286 0.105241
0.000771286 0.0859752
0.00231094 0.0843038
0.00277107 0.103506
0.00277107 0.0876465
0.00939029 0.097243
0.00196887 0.0867392
0.00196887 0.0719954
0.00311225 0.0922629
0.00611047 0.0751824
0.0157626 0.078077
0.0352417 0.114657
0.0433956 0.097077
0.0433956 0.128634
0.0674184 0.150208
0.0674184 0.128846
0.112618 0.154801
0.145425 0.237943
0.191494 0.252329
0.191494 0.227122
0.208979 0.234676
0.25171 0.263615
0.298029 0.314101
0.313679 0.277305
0.315679 0.31438
0.330137 0.295367
0.243472 0.244031
0.243472 0.230301
0.15827 0.178948
0.105965 0.151052
-0.0821877 -0.047363
-0.8765 -0.711871
-0.8765 -0.711643
-0.887132 -0.727126
-0.887132 -0.726699
-0.935842 -0.836489
-0.9722 -0.900367
-0.984953 -0.917798
-0.993477 -0.937642
-0.997278 -0.959645
-0.999055 -0.981229
-0.999055 -0.982974
-0.994482 -0.999268
-0.968768 -1.01582
-0.968768 -1.01598
-0.958152 -1.02959
-0.934359 -1.02753
-0.89062 -1.00274
-0.89062 -1.01343
-0.83072 -0.962892
-0.75919 -0.897483
-0.59578 -0.766693
-0.455017 -0.64805
-0.288647 -0.46039
-0.288647 -0.463499
-0.0532859 -0.261429
0.0234262 -0.156336
0.0932232 -0.0605353
0.148696 0.0253431
0.189319 0.0833446
0.222682 0.131837
0.222682 0.135211
0.222682 0.191389
0.252955 0.253641
0.210766 0.311598
0.182704 0.261719
0.182704 0.261666
0.142148 0.203752
0.142148 0.198795
0.0940706 0.14442
0.0940706 0.138382
0.0211576 0.058385
0.0211576 0.0614929
-0.0130247 0.00840822
-0.0448049 -0.0336257
-0.0783808 -0.085825
-0.125994 -0.175144
-0.140626 -0.200391
-0.140626 -0.204386
-0.148242 -0.232113
-0.148304 -0.234398
-0.148304 -0.234905
-0.139741 -0.216333
-0.129943 -0.218146
-0.117763 -0.207725
-0.0903721 -0.170394
-0.0567992 -0.10861
-0.117446 -0.0999456
-0.117446 -0.119308
-0.136561 -0.139961
-0.153269 -0.141692
-0.153269 -0.160625
-0.180326 -0.169613
-0.25016 -0.229299
-0.381739 -0.354446
-0.381739 -0.359135
-0.390971 -0.378515
-0.39363 -0.386853
-0.39363 -0.380829
-0.397342 -0.381496
-0.397342 -0.382334
-0.393919 -0.390162
-0.393919 -0.377756
-0.393919 -0.384905
-0.390738 -0.377259
-0.389143 -0.368383
-0.373419 -0.346515
-0.366945 -0.343852
-0.358258 -0.31034
-0.353 -0.304491
-0.353 -0.302288
-0.343475 -0.295608
-0.340603 -0.290618
-0.343346 -0.285739
-0.342774 -0.28237
-0.347783 -0.284523
-0.353003 -0.294213
-0.369264 -0.304671
-0.372402 -0.314131
-0.384705 -0.32705
-0.390398 -0.334877
-0.398379 -0.342658
-0.398379 -0.347003
-0.397208 -0.345965
-0.405812 -0.349202
-0.405153 -0.351046
-0.405153 -0.34816
-0.404159 -0.350179
-0.404159 -0.347349
-0.402819 -0.344333
-0.360832 -0.334761
-0.360832 -0.337567
-0.345181 -0.333827
-0.332041 -0.335636
-0.300012 -0.312983
-0.300012 -0.306567
-0.218718 -0.250554
-0.200866 -0.236048
-0.200866 -0.225282
-0.148246 -0.177741
-0.136779 -0.175977
-0.125344 -0.16893
-0.125344 -0.157937
-0.112573 -0.164479
-0.112573 -0.15979
-0.10712 -0.151255
-0.095734 -0.143932
-0.095734 -0.153871
-0.0674468 -0.142869
-0.0674468 -0.135246
-0.0527595 -0.13459
-0.0295815 -0.111724
-0.0222736 -0.108842
-0.0156827 -0.0921262
-0.0156827 -0.0903698
-0.00516513 -0.102406
0.00023432 -0.0844911
0.00023432 -0.0802371
-0.00290459 -0.108165
0.00293931 -0.0970715
0.00293931 -0.0938036
0.00852917 -0.0934469
0.0270571 -0.0769624
0.037414 -0.0774742
0.037414 -0.0641654
0.0428652 -0.0805265
0.04822 -0.0678711
0.04822 -0.0558622
0.0534506 -0.0425036
0.048218 -0.0541088
0.0589286 -0.0338628
0.0589286 -0.0399292
0.0648301 -0.0186797
0.0664959 -0.0165604
0.065249 -0.0178011
0.0655855 -0.00464532
0.0564194 -0.0179223
0.0513686 -0.00788206
0.0513686 -0.00488741
0.0466909 -0.0150514
-0.0607548 -0.0273974
-0.0607548 -0.0266754
-0.0607548 -0.0338767
-0.076489 -0.0383735
-0.076489 -0.0376489
-0.076489 -0.0369244
-0.0918226 -0.0514183
-0.108281 -0.0778314
-0.123663 -0.103025
-0.137373 -0.12713
-0.146962 -0.137829
-0.154576 -0.150746
-0.160105 -0.157992
-0.163455 -0.158819
-0.163455 -0.163131
-0.163455 -0.162372
-0.165592 -0.16378
-0.16518 -0.163199
-0.15452 -0.151441
-0.137902 -0.127051
-0.117495 -0.0889516
-0.117495 -0.0951656
-0.112817 -0.0697846
-0.112817 -0.0841851
-0.102558 -0.0515441
-0.102558 -0.0641193
-0.100563 -0.0466717
-0.100563 -0.059536
-0.0996719 -0.0466552
-0.100074 -0.035656
-0.101615 -0.0520238
-0.104467 -0.034987
-0.10715 -0.0498344
-0.115465 -0.0440393
-0.121313 -0.0572158
-0.130085 -0.0721492
-0.141788 -0.0874852
-0.145502 -0.0734769
-0.14963 -0.100693
-0.14963 -0.0906198
-0.151416 -0.101388
-0.150934 -0.0991816
-0.150934 -0.0908518
-0.152227 -0.0893976
-0.152227 -0.100215
-0.151012 -0.0992716
-0.0552194 -0.0910642
-0.0366375 -0.0607665
-0.0366375 -0.0793135
-0.0366375 -0.0688264
0.00245857 -0.0362032
0.00245857 -0.00550094
0.0264213 -0.0127271
0.0264213 -0.00604059
0.049623 0.0381651
0.049623 0.0204421
0.0669946 0.0399838
0.0669946 0.0433825
0.101395 0.0817566
0.112706 0.0972188
0.112706 0.100611
0.112706 0.103996
0.112706 0.11851
0.125147 0.124683submatrix_2
0.376196 0.381186
0.376196 0.379824
0.376196 0.379632
0.376196 0.378523
0.37562 0.382244
0.375275 0.381871
0.376649 0.381341
0.377068 0.381777
0.376972 0.384217
0.376972 0.381519
0.376972 0.379545
0.376184 0.383606
0.375006 0.379406
0.373531 0.377474
0.372922 0.376462
0.371173 0.37324
0.371173 0.376145
0.370846 0.375829
0.370846 0.378825
0.372526 0.377675
0.375764 0.380877
0.376972 0.381551
0.37678 0.381322
0.374528 0.377625
0.374528 0.379227
0.375297 0.381149
0.375297 0.376465
0.375447 0.379566
0.374892 0.379142
0.374014 0.380665
0.374014 0.378333
0.376306 0.381647
0.377686 0.383838
0.378913 0.385325
0.378913 0.38533
0.380422 0.389578
0.380422 0.386211
0.378942 0.38688
0.377916 0.386325
0.377916 0.386082
0.377916 0.38616
0.379578 0.38793
0.381925 0.391951
0.382459 0.392015
0.382459 0.390827
0.381357 0.391543
0.380469 0.390813
0.380469 0.389702
0.380469 0.389854
0.380469 0.39041
0.380469 0.39066
0.384307 0.394219
0.384307 0.394388
0.385346 0.394787
0.385346 0.395473
0.385346 0.395645
0.385397 0.395541
0.385397 0.396371
0.384984 0.395988
0.384719 0.396644
0.385987 0.396528
0.387084 0.397326
0.387417 0.396956
0.387509 0.399576
0.387734 0.392941
0.3896 0.400639
0.391555 0.400384
0.391555 0.402
0.390854 0.399141
0.390197 0.39563
0.390064 0.397376
0.39071 0.394369
0.39071 0.397602
0.39071 0.399157
0.391713 0.399571
0.392494 0.395149
0.392494 0.397817
0.392494 0.399204
0.391712 0.396564
0.391712 0.396482
0.391332 0.392275
0.393011 0.398516
0.393111 0.391255
0.39285 0.395034
0.392383 0.392489
0.392383 0.393605
0.39143 0.392999
0.391427 0.394939
0.3919 0.392993
0.3919 0.392652
0.392392 0.388601
0.391964 0.394535
0.391964 0.390106
0.389762 0.391451
0.390035 0.393642
0.390035 0.391867
0.390595 0.389458
0.39099 0.393182
0.39099 0.39515
0.390882 0.389086
0.390347 0.39312
0.390347 0.394118
0.390198 0.389218
0.390053 0.393585
0.390035 0.390131
0.390035 0.393286
0.388217 0.387288
0.38709 0.389916
0.386886 0.389533
0.386426 0.390422
0.385751 0.387923
0.383673 0.387172
0.383607 0.386562
0.383607 0.387153
0.383607 0.387645
0.384031 0.387215
0.384128 0.387819
0.383833 0.386992
0.383083 0.386649
0.383083 0.386531
0.382362 0.385019
0.382326 0.385922
0.382326 0.386047
0.382286 0.385441
0.382286 0.384815
0.381219 0.384448
0.379548 0.3828
0.379548 0.382925
0.379054 0.384214
0.378766 0.381782
0.37478 0.378455
0.37478 0.377816
0.373429 0.376579
0.378001 0.382382
0.375936 0.380051
0.375936 0.383724
0.37496 0.378914
0.375173 0.380029
0.375884 0.380764
0.372367 0.377633
0.372367 0.375919
0.373249 0.379045
0.372136 0.374859
0.372136 0.377701
0.375664 0.38186
0.375664 0.380764
0.375643 0.380838
0.375643 0.377427
0.374889 0.37699
0.373817 0.380066
0.374938 0.376747
0.374938 0.380344
0.376669 0.381814
0.376669 0.381678
0.378055 0.382522
0.378749 0.383775
0.378188 0.383421
0.377935 0.385223
0.377935 0.382977
0.378097 0.380258
0.3787 0.383449
0.379578 0.38217
0.379578 0.382465
0.379667 0.385098
0.380545 0.387419
0.380545 0.386034
0.382069 0.38779
0.382069 0.387779
0.382901 0.38874
0.382901 0.388736
0.386393 0.392009
0.387485 0.393911
0.387716 0.394747
0.386244 0.393348
0.38695 0.395743
0.393148 0.403523
0.393148 0.404401
0.393979 0.405273
0.392825 0.404497
0.392041 0.403574
0.392041 0.403741
0.391786 0.403264
0.391637 0.402704
0.392249 0.403267
0.392773 0.403097
0.392975 0.402076
0.392975 0.403492
0.393341 0.402302
0.393341 0.405286
0.39454 0.404725
0.394837 0.405404
0.395257 0.405265
0.395668 0.404552
0.395023 0.405584
0.394727 0.402025
0.394727 0.403161
0.394727 0.402662
0.39416 0.402036
0.394727 0.402438
0.397238 0.400113
0.39819 0.401091
0.39819 0.405223
0.398227 0.405054
0.398051 0.399312
0.3973 0.403246
0.3973 0.403113
0.395284 0.399845
0.395284 0.399974
0.395122 0.398509
0.398873 0.402527
0.399295 0.402609
0.399295 0.402472
0.395901 0.397917
0.397325 0.39911
0.398158 0.400289
0.398158 0.399419
0.39819 0.39947
0.397315 0.394672
0.397315 0.398369
0.395989 0.398609
0.396792 0.398247
0.396792 0.398062
0.398248 0.395045
0.398248 0.399494
0.398572 0.399171
0.398967 0.394108
0.396981 0.396008
0.394988 0.396268
0.393967 0.39522
0.396542 0.397174
0.396542 0.397826
0.396542 0.398823
0.394462 0.396323
0.394462 0.39593
0.390301 0.391559
0.390292 0.393603
0.391578 0.392517
0.390554 0.392221
0.389453 0.391248
0.387373 0.390716
0.385559 0.388765
0.385559 0.388096
0.385559 0.387872
0.384096 0.387127
0.384096 0.386336
0.383723 0.386537
0.383723 0.386913
0.383762 0.387735
0.383762 0.387249
0.383762 0.386693
0.382502 0.385982
0.381951 0.385435
0.382396 0.386667
0.382402 0.385157
0.382402 0.384172
0.382136 0.386795
0.381366 0.386644
0.378638 0.382863
0.375629 0.380338
0.375629 0.380164
0.375398 0.380021
0.375978 0.386438
0.377729 0.38586
0.378067 0.381105
0.377585 0.382386
0.377416 0.380523
0.377416 0.382024
0.376787 0.378455
0.375404 0.383526
0.376009 0.380172
0.377017 0.382692
0.377017 0.380981
0.378244 0.381995
0.378069 0.384477
0.378069 0.381739
0.377656 0.378595
0.377337 0.379226
0.377217 0.382807
0.377217 0.380972
0.377217 0.37792
0.377265 0.38102
0.377687 0.383524
0.377691 0.381581
0.378493 0.382887
0.378553 0.382904
0.378391 0.383536
0.378581 0.382264
0.378581 0.383243
0.378566 0.382846
0.378096 0.384162
0.378096 0.382269
0.376777 0.380515
0.374647 0.377402
0.374647 0.377276
0.373932 0.376362
0.373932 0.373026
0.37216 0.376183
0.37216 0.373692
0.371199 0.373855
0.371199 0.367732
0.371245 0.373591
0.372371 0.372594
0.373584 0.373209
0.373584 0.376335
0.377856 0.3808
0.382147 0.388431
0.383326 0.387861
0.383326 0.394315
0.38625 0.396598
0.394474 0.406559
0.396359 0.408162
0.391035 0.393983
0.389865 0.386912
0.390284 0.386713
0.390284 0.386194
0.390935 0.383946
0.391971 0.381729
0.391971 0.382919
0.393244 0.380218
0.393244 0.382631
0.400481 0.384245
0.405288 0.390224
0.410663 0.390133
0.415783 0.403446
0.419654 0.408713
0.421684 0.412218
0.421684 0.406087
0.418127 0.415363
0.418127 0.409879
0.398418 0.399501
0.397619 0.394855
0.397619 0.396474
0.398399 0.397016
0.401066 0.396338
0.401066 0.400215
0.401066 0.399549
0.405934 0.403576
0.417784 0.414965
0.421417 0.412905
0.422458 0.419793
0.42088 0.418834
0.416537 0.41496
0.416537 0.414664
0.410217 0.406166
0.405505 0.405656
0.405505 0.401439
0.395813 0.395562
0.395813 0.395327
0.393507 0.393158
0.393507 0.394337
0.393507 0.392741
0.391748 0.393096
0.391748 0.390254
0.393983 0.392667
0.396238 0.392396
0.399378 0.390124
0.399378 0.393343
0.403117 0.395001
0.406346 0.396512
0.409411 0.399222
0.411416 0.400497
0.411416 0.401322
0.411416 0.40117
0.412005 0.401255
0.411113 0.401271
0.411113 0.400239
0.409188 0.397845
0.402347 0.394545
0.398053 0.389173
0.398053 0.389114
0.397427 0.390783
0.397427 0.387558
0.397427 0.389669
0.403769 0.40196
0.403769 0.404276
0.403769 0.403293
0.403983 0.405372
0.404239 0.407286
0.404752 0.410895
0.405894 0.413599
0.405894 0.413332
0.408287 0.416708
0.412186 0.420052
0.417037 0.425092
0.41107 0.41224
0.41107 0.412849
0.41107 0.412167
0.409654 0.407846
0.410227 0.407031
0.412308 0.40863
0.414324 0.409067
0.414383 0.407871
0.412686 0.408937
0.412686 0.403003
0.412686 0.405642
0.41479 0.408404
0.422743 0.418559
0.422743 0.418041
0.424784 0.422329
0.424205 0.421431
0.424205 0.42054
0.419149 0.415869
0.409108 0.406815
0.40644 0.405617
0.407798 0.407146
0.407798 0.406118
0.409363 0.408381
0.415586 0.409143
0.415586 0.414755
0.419655 0.417485
0.423023 0.416529
0.423023 0.419623
0.422861 0.421939
0.418964 0.414786
0.414085 0.416896
0.402171 0.401716
0.388892 0.388099
0.395549 0.392103
0.401026 0.39282
0.40051 0.39302
0.40051 0.389895
0.404288 0.393037
0.403533 0.392985
0.403533 0.394036
0.394137 0.388453
0.394137 0.385364
0.392988 0.384061
0.394134 0.386247
0.396503 0.389103
0.398942 0.393428
0.399592 0.396399
0.399592 0.396033
0.399592 0.399859
0.398849 0.399297
0.398849 0.397056
0.398416 0.400811
0.4008 0.404958
0.4008 0.407587
0.406668 0.418783
0.408904 0.418392
0.408904 0.421726
0.414747 0.423012
0.414747 0.421645
0.413644 0.419146
0.413644 0.418917
0.411239 0.414756
0.411239 0.415009
0.408814 0.410627
0.408046 0.410479
0.408046 0.408127
0.408046 0.407967
0.406931 0.398584
0.409105 0.40526
0.411435 0.400627
0.416205 0.405695
0.416205 0.40947
0.417577 0.412252
0.417577 0.407595
0.418841 0.412901
0.420082 0.414783
0.417619 0.417717
0.412372 0.4143
0.412065 0.413612
0.412065 0.413155
0.412065 0.412894
0.413122 0.413385
0.413122 0.411679
0.413301 0.412856
0.412319 0.411798
0.41216 0.409136
0.41241 0.413068
0.413425 0.413583
0.413425 0.413166
0.414911 0.412208
0.414911 0.41466
0.416884 0.418413
0.416601 0.418723
0.416601 0.416907
0.41457 0.416876
0.406669 0.409067
0.403667 0.405778
0.401899 0.405984
0.401899 0.402896
0.401899 0.398844
0.401167 0.39977
0.401167 0.396532
0.400395 0.399837
0.399272 0.397674
0.399272 0.394941
0.398891 0.401302
0.399711 0.393166
0.402468 0.393226
0.402468 0.396114
0.411347 0.406009
0.411347 0.40606
0.407587 0.405386
0.404706 0.398946
0.39953 0.392945
0.398963 0.392733
0.398963 0.395171
0.398117 0.392856
0.396921 0.398547
0.395608 0.396353
0.395608 0.397046
0.395986 0.398461
0.395986 0.400002
0.395986 0.398505
0.397607 0.401511
0.403532 0.410017
0.403532 0.410661
0.406119 0.41371
0.409231 0.419078
0.409231 0.419131
0.409231 0.419511
0.408398 0.415168
0.406936 0.412025
0.403917 0.404404
0.403058 0.40416
0.403401 0.395213
0.403401 0.400181
0.405347 0.400155
0.405347 0.40002
0.405983 0.398688
0.405945 0.395844
0.405945 0.399183
0.405999 0.398491
0.407016 0.401415
0.409844 0.400073
0.413454 0.410803
0.416266 0.414599
0.416089 0.41448
0.416089 0.41471
0.406739 0.408609
0.406739 0.40665
0.40192 0.402997
0.400951 0.400378
0.400951 0.401254
0.400161 0.399818
0.400161 0.401052
0.400267 0.398911
0.400267 0.401143
0.402081 0.399437
0.402081 0.402093
0.402081 0.401586
0.409372 0.408696
0.415447 0.407243
0.415447 0.409958
0.415447 0.415641
0.415447 0.414327
0.418095 0.418335
0.419364 0.420396
0.417292 0.416733
0.417292 0.418604
0.417292 0.418282
0.413893 0.415656
0.410084 0.411722
0.410084 0.408419
0.403088 0.405188
0.403088 0.401602
0.400262 0.402227
0.396764 0.39881
0.394547 0.381181
0.397237 0.385865
0.397237 0.384934
0.402774 0.395607
0.402917 0.397648
0.402917 0.398675
0.402917 0.400964
0.402966 0.399723
0.403666 0.403649
0.403666 0.410163
0.414355 0.421283
0.420476 0.430171
0.412381 0.423949
0.38969 0.412768
0.38969 0.400647
0.378906 0.388902
0.373859 0.37053
0.365963 0.382274
0.357985 0.366513
0.354199 0.356974
0.354199 0.360544
0.354199 0.360415
0.364115 0.354312
0.374301 0.376157
0.385751 0.383103
0.39409 0.39285
0.39409 0.387672
0.387568 0.396265
0.387568 0.38589
0.386151 0.377897
0.37714 0.375731
0.37714 0.373211
0.37714 0.373459
0.375562 0.370791
0.375142 0.369926
0.375142 0.374095
0.376181 0.372586
0.378261 0.373622
0.378261 0.375444
0.388598 0.388115
0.388598 0.386144
0.397631 0.397641
0.39482 0.391133
0.395104 0.406058
0.395104 0.40798
0.397457 0.391381
0.401781 0.402475
0.41264 0.410324
0.41264 0.416392
0.413836 0.429905
0.413706 0.421202
0.409063 0.417814
0.402543 0.407374
0.403302 0.414668
0.403302 0.410349
0.40391 0.407704
0.403387 0.409551
0.402136 0.410746
0.39877 0.402191
0.398615 0.400212
0.398079 0.399261
0.398079 0.401229
0.398046 0.398322
0.398046 0.398849
0.399015 0.399277
0.399015 0.398943
0.401176 0.401198
0.401176 0.400862
0.40291 0.401787
0.40291 0.403034
0.40291 0.402696
0.40291 0.402357
0.402901 0.402442
0.401789 0.402167
0.401789 0.401729
0.400772 0.399354
0.400772 0.404928
0.400772 0.40118
0.402146 0.402978
0.402146 0.403861
0.399657 0.401528
0.399229 0.404508
0.399169 0.404853
0.399169 0.401088
0.398784 0.405016
0.398784 0.404707
0.398161 0.40435
0.397656 0.399012
0.397656 0.403723
0.397656 0.40336
0.401238 0.40031
0.401605 0.405611
0.400606 0.402542
0.40108 0.408259
0.402941 0.403491
0.405601 0.405167
0.406927 0.406348
0.406927 0.39778
0.398575 0.398431
0.394961 0.387116
0.39176 0.393361
0.39176 0.393331
0.387824 0.390757
0.382523 0.386446
0.39337 0.388128
0.400843 0.403368
0.405963 0.403146
0.378983 0.361522
0.374004 0.360161
0.372705 0.360533
0.375034 0.361903
0.375034 0.372405
0.375328 0.370173
0.373311 0.366812
0.372733 0.365202
0.370503 0.364621
0.370235 0.36538
0.370235 0.365382
0.370061 0.366195
0.369149 0.372437
0.368702 0.367716
0.368702 0.374279
0.368625 0.378529
0.368905 0.371001
0.36821 0.372483
0.365984 0.374667
0.366133 0.375496
0.366133 0.375997
0.365708 0.373934
0.36518 0.37643
0.36518 0.374575
0.363755 0.371707
0.363755 0.372412
0.363755 0.372642
0.363066 0.370839
0.363066 0.371517
0.361495 0.368892
0.360853 0.367473
0.360853 0.36796
0.360853 0.36807
0.360466 0.369108
0.360492 0.367321
0.360983 0.366125
0.360983 0.367571
0.361922 0.367163
0.361922 0.368653
0.363338 0.373275
0.364193 0.369782
0.365529 0.374178
0.365977 0.374808
0.365977 0.374983
0.365977 0.376383
0.366094 0.375489
0.366094 0.375663
0.366974 0.376679
0.368603 0.379078
0.36864 0.379115
0.36864 0.381285
0.369058 0.38326
0.369444 0.37791
0.370013 0.382739
0.370866 0.375088
0.370866 0.378578
0.373456 0.380402
0.373456 0.380411
0.373874 0.380967
0.375563 0.378867
0.375563 0.382238
0.378142 0.384057
0.378142 0.383879
0.378142 0.389387
0.379348 0.380827
0.379348 0.384004
0.380456 0.390457
0.384135 0.387862
0.385491 0.38881
0.385491 0.393848
0.386013 0.389186
0.386407 0.393866
0.390212 0.392205
0.390787 0.395392
0.391977 0.393925
0.391977 0.396376
0.395764 0.396086
0.39576 0.396976
0.39576 0.395381
0.395442 0.396539
0.396296 0.395638
0.396737 0.397039
0.396847 0.39784
0.396668 0.396715
0.395918 0.396391
0.395918 0.39546
0.393246 0.393552
0.392757 0.391955
0.392757 0.393959
0.393168 0.396937
0.394061 0.398543
0.394333 0.398747
0.394627 0.400153
0.395309 0.400935
0.396314 0.402653
0.396314 0.401961
0.39728 0.401007
0.397641 0.402875
0.397641 0.402789
0.397372 0.396831
0.397372 0.400957
0.396187 0.395294
0.396187 0.399701
0.394967 0.392407
0.394967 0.397698
0.397164 0.398837
0.397164 0.391919
0.401494 0.401724
0.402339 0.407497
0.383406 0.386544
0.375916 0.389359
0.375969 0.381433
0.375969 0.378385
0.380447 0.383442
0.380447 0.383411
0.387934 0.388928
0.396525 0.397259
0.405506 0.401891
0.406189 0.400422
0.40006 0.403281
0.40006 0.393191
0.390381 0.394303
0.390381 0.382145
0.38152 0.374571
0.378959 0.370752
0.373775 0.359109
0.375903 0.362772
0.375903 0.368756
0.377389 0.367264
0.376401 0.367179
0.3762 0.368648
0.3762 0.366988
0.37419 0.365774
0.372299 0.364692
0.372299 0.370185
0.369816 0.363918
0.368575 0.363785
0.367856 0.371196
0.368235 0.37542
0.36709 0.374225
0.365466 0.370074
0.365466 0.370148
0.364056 0.374044
0.363263 0.37134
0.363561 0.36967
0.363807 0.372796
0.363807 0.372864
0.363031 0.372507
0.361394 0.370685
0.360982 0.369339
0.361066 0.369061
0.360048 0.366006
0.360048 0.366981
0.358859 0.364812
0.359845 0.364604
0.362137 0.367325
0.364416 0.37208
0.366235 0.374847
0.946203 0.837702
0.811139 0.744758
0.811139 0.734954
0.263367 0.376967
0.0383215 -0.0158465
-0.0563901 -0.117345
-0.223422 -0.15979
-0.506182 -0.52048
-0.645521 -0.61729
-0.710801 -0.649297
-0.623038 -0.618772
-0.529631 -0.540346
-0.529631 -0.544395
-0.386492 -0.411701
-0.225663 -0.307476
0.119608 0.152631
0.30327 0.27064
0.412136 0.385376
0.412136 0.444352
0.412136 0.477248
0.631088 0.639503
0.692235 0.703836
0.834281 0.794567
0.766251 0.729257
0.750523 0.691673
0.663516 0.616603
0.617924 0.581437
0.617924 0.582584
0.57511 0.54632
0.57511 0.545931
0.536423 0.556908
0.481042 0.462489
0.431811 0.410922
0.399829 0.386366
0.380005 0.367946
0.380005 0.360487
0.322926 0.306495
0.306787 0.309491
0.306787 0.282089
0.256599 0.264882
0.249685 0.251515
0.249685 0.256087
0.240955 0.240886
0.240955 0.23534
0.240955 0.222049
0.148958 0.138327
0.143096 0.121439
0.143096 0.115522
0.107767 0.0843354
0.0974988 0.0966242
0.0800293 0.0400839
0.0800293 0.0648654
0.0800293 0.050668
0.0695493 0.0538621
0.0496376 0.0357503
0.0496376 -0.00384789
0.0296176 0.0225925
0.00900485 0.0127058
0.0274925 0.0204948
0.0118623 -0.0305475
0.0187586 0.00102624
0.016692 0.000134059
0.0668321 0.0632524
0.0956265 0.0850707
0.156634 0.115847
0.206842 0.215581
0.287297 0.28144
0.287297 0.288861
0.349732 0.316456
0.393147 0.431231
0.457591 0.463658
0.57125 0.604735
0.634702 0.615327
0.634702 0.617788
0.670566 0.648831
0.689518 0.698226
0.736461 0.712218
0.808588 0.718128
0.856821 0.795177
0.913596 0.835347
0.913596 0.834681
0.878462 0.79191
0.78595 0.783449
0.62507 0.651421
0.594638 0.620181
0.562004 0.539681
0.562004 0.576934
0.53132 0.525305
0.559656 0.588108
0.582315 0.567777
0.59949 0.602501
0.461384 0.453442
0.353591 0.326657
0.288712 0.268185
0.272841 0.250669
0.272841 0.239228
0.259035 0.236136
0.259035 0.248739
0.238494 0.223974
0.21226 0.200541
0.178202 0.175847
0.162731 0.163938
0.162731 0.122751
0.132872 0.114753
0.132872 0.133998
0.118094 0.11909
0.111061 0.0768996
0.111061 0.0892977
0.0572548 0.0279066
0.0638697 0.0436644
0.0638697 0.0512372
0.0629539 0.0346327
0.0581941 0.0475414
0.0200611 0.0191208
-0.0142822 -0.0545293
-0.0246014 -0.0320362
-0.0246014 -0.0660411
-0.015642 -0.0696008
-0.015642 -0.0449057
-0.0107988 -0.0176796
0.0119801 -0.0195781
0.0695173 0.0349082
0.0695173 0.0693992
0.105392 0.111256
0.201773 0.216534
0.296554 0.326808
0.454732 0.458466
0.487517 0.549635
0.572443 0.578527
0.709061 0.72457
0.709061 0.726974
0.738134 0.742501
0.788632 0.765815
0.853321 0.80726
-0.497381 -0.547708
-0.497381 -0.546446
-0.543867 -0.594888
-0.543867 -0.592469
-0.778344 -0.645401
-0.937856 -0.8644
-0.981452 -0.928903
-1 -0.921097
-0.995046 -0.94529
-0.957946 -0.917805
-0.957946 -0.91872
-0.897246 -0.887721
-0.779754 -0.813675
-0.779754 -0.803722
-0.678026 -0.754892
-0.558962 -0.668367
-0.464777 -0.5611
-0.464777 -0.526575
-0.382961 -0.440938
-0.314409 -0.398981
-0.18575 -0.302755
-0.0953276 -0.114371
0.0324495 -0.03
0.0324495 0.0265498
0.141366 0.0899714
0.199116 0.148992
0.264854 0.203241
0.309389 0.319012
0.332321 0.343444
0.3269 0.326588
0.3269 0.334957
0.3269 0.313437
0.308572 0.290647
0.340515 0.336404
0.353302 0.330602
0.353302 0.350459
0.358413 0.348737
0.358413 0.355682
0.361244 0.360231
0.361244 0.361388
0.372094 0.375421
0.372094 0.376628
0.379768 0.381299
0.385083 0.384847
0.384645 0.388052
0.368418 0.375626
0.361526 0.371027
0.361526 0.368743
0.364395 0.37279
0.370825 0.376674
0.370825 0.380277
0.373325 0.382689
0.371464 0.382663
0.365889 0.377822
0.356357 0.368758
0.359111 0.373719
0.33912 0.358493
0.33912 0.356596
0.334437 0.352441
0.331365 0.344971
0.331365 0.344612
0.323216 0.340409
0.324588 0.34625
0.329968 0.35151
0.329968 0.347909
0.332508 0.349674
0.333001 0.348108
0.333001 0.349155
0.331311 0.352732
0.331311 0.346735
0.330422 0.345448
0.330422 0.345996
0.330422 0.345083
0.32458 0.343778
0.325197 0.346047
0.332104 0.352521
0.335439 0.345389
0.333817 0.347401
0.331844 0.350206
0.331844 0.344862
0.330301 0.340287
0.331224 0.344573
0.330659 0.34528
0.330935 0.340629
0.328157 0.339853
0.32847 0.339528
0.333169 0.346132
0.331762 0.342901
0.32538 0.338121
0.324108 0.332784
0.327802 0.336528
0.327802 0.33974
0.326723 0.340306
0.323646 0.338946
0.325209 0.334789
0.325209 0.340719
0.327394 0.336715
0.327394 0.34309
0.329385 0.345395
0.323524 0.342957
0.323524 0.340607
0.320368 0.335085
0.307063 0.32325
0.307291 0.317659
0.307291 0.321329
0.323415 0.332312
0.322945 0.333283
0.322945 0.333216
0.322292 0.331335
0.322455 0.325407
0.329167 0.327042
0.329167 0.337357
0.331301 0.336127
0.331301 0.330752
0.328048 0.33449
0.328529 0.334154
0.328529 0.336597
0.32998 0.330455
0.32998 0.339595
0.333668 0.333059
0.347234 0.356983
0.351881 0.360788
0.353589 0.360861
0.353589 0.360863
0.353321 0.361885
0.352508 0.359035
0.352508 0.359657
0.353757 0.362713
0.357534 0.363053
0.357534 0.366489
0.362786 0.37029
0.374467 0.376918
0.377725 0.383249
0.377725 0.38355
0.379353 0.382944
0.381554 0.387038
0.381554 0.385287
0.384417 0.390632
0.385203 0.390395
0.390689 0.392375
0.390689 0.394846
0.39861 0.401119
0.401894 0.402108
0.404359 0.408601
0.408716 0.410662
0.411875 0.414703
0.413656 0.413347
0.413656 0.415584
0.416037 0.419956
0.408202 0.411436
0.408202 0.412995
0.408202 0.413952
0.406347 0.411173
0.406347 0.412731
0.406347 0.414287
0.408813 0.413565
0.409007 0.414389
0.412009 0.416349
0.412366 0.42262
0.41104 0.420809
0.410143 0.416753
0.40978 0.416226
0.409511 0.420346
0.409511 0.414339
0.409511 0.415876
0.411281 0.417471
0.411294 0.415763
0.411634 0.417155
0.40795 0.412288
0.418914 0.423878
0.418914 0.421938
0.419039 0.426156
0.419039 0.423157
0.407597 0.417136
0.407597 0.407654
0.403724 0.412307
0.403724 0.403539
0.404315 0.407047
0.404877 0.411545
0.407809 0.405941
0.406165 0.413263
0.405694 0.404263
0.398393 0.409443
0.408729 0.410181
0.414939 0.414828
0.404382 0.407427
0.399648 0.412526
0.400548 0.401333
0.400548 0.403755
0.404999 0.407331
0.411013 0.411412
0.411013 0.412965
0.412661 0.415338
0.412661 0.415779
0.410278 0.413455
0.406655 0.403776
0.407193 0.412112
0.407193 0.404463
0.407193 0.407467
0.418101 0.419165
0.418101 0.418234
0.421925 0.417943
0.421925 0.422271
0.421063 0.426424
0.421063 0.418762
0.416522 0.413795
0.416522 0.415855
0.407397 0.403736
0.403521 0.397536
0.403521 0.399413
0.403521 0.401269
0.403521 0.403745
0.404279 0.400836