Linear regression parameters:
Intercept: -0.00201137
Slope: 0.951443
Correlation: 0.973348
Target-output data:
submatrix_0
-0.0187789 -0.0173344
-0.0189157 -0.0173553
-0.0190538 -0.0174701
-0.0191871 -0.0175309
-0.0193556 -0.0177441
-0.019437 -0.0177984
-0.0194368 -0.0177984
-0.0194889 -0.0178646
-0.0195473 -0.0179548
-0.0195396 -0.0179639
-0.019413 -0.0179033
-0.0193139 -0.0178659
-0.0192239 -0.0177011
-0.019224 -0.0176209
-0.0186699 -0.0172136
-0.0185557 -0.0171059
-0.0182108 -0.0166848
-0.0180886 -0.0166432
-0.0180317 -0.0165792
-0.0180338 -0.0165765
-0.0180912 -0.0166181
-0.0181294 -0.0166367
-0.0181289 -0.0166509
-0.0181677 -0.0166696
-0.0182431 -0.0167702
-0.0183852 -0.0168436
-0.0183831 -0.0168812
-0.0184086 -0.0168914
-0.0184076 -0.0169067
-0.0184071 -0.0169067
-0.0184212 -0.0169041
-0.0184206 -0.0169122
-0.0183999 -0.016905
-0.0183903 -0.0169051
-0.0184016 -0.0168999
-0.0184246 -0.0169572
-0.0184436 -0.0169626
-0.0184837 -0.0170361
-0.0184832 -0.0170663
-0.0186562 -0.0173905
-0.0186559 -0.0173905
-0.0190343 -0.0175483
-0.0190342 -0.0175574
-0.019432 -0.017857
-0.0194322 -0.0179508
-0.019645 -0.0181781
-0.0199358 -0.0184735
-0.0201378 -0.0186539
-0.0205024 -0.0191304
-0.0206186 -0.0192048
-0.0207267 -0.0194087
-0.0208314 -0.0194025
-0.0208343 -0.0195075
-0.0208372 -0.0195033
-0.0209995 -0.0196067
-0.0211006 -0.0198401
-0.0213881 -0.0199968
-0.0213947 -0.0200839
-0.0215372 -0.0202164
-0.0216245 -0.0203091
-0.0216594 -0.0203091
-0.0215521 -0.0203053
-0.0215574 -0.0202289
-0.0214438 -0.0202229
-0.0209075 -0.0196494
-0.0203479 -0.019066
-0.0197403 -0.0186177
-0.0197439 -0.0184544
-0.0197457 -0.0184587
-0.0192272 -0.0179307
-0.0189921 -0.0179113
-0.0189959 -0.0176681
-0.0187395 -0.0173091
-0.0185488 -0.0171947
-0.0185574 -0.0170924
-0.0185786 -0.0171056
-0.0186248 -0.0171839
-0.0186951 -0.0172303
-0.018787 -0.0172986
-0.0189021 -0.017392
-0.0190427 -0.017513
-0.0190432 -0.017513
-0.019188 -0.0175318
-0.0193287 -0.0177339
-0.0194596 -0.0177876
-0.0197466 -0.0181409
-0.0198712 -0.0181784
-0.0200758 -0.0184441
-0.020151 -0.0185178
-0.0201984 -0.0185706
-0.0202876 -0.0186552
-0.0203127 -0.0186913
-0.02034 -0.0187189
-0.0203574 -0.0187472
-0.0203085 -0.0187377
-0.0203142 -0.0186831
-0.0202413 -0.0186278
-0.0202427 -0.0186221
-0.0201915 -0.0185737
-0.0201516 -0.0185128
-0.0199957 -0.0184337
-0.0200007 -0.0182787
-0.0198905 -0.0182489
-0.0194193 -0.0179002
-0.0194202 -0.0178307
-0.019261 -0.0175909
-0.0192617 -0.0175909
-0.0191043 -0.017576
-0.0191062 -0.0174273
-0.0191068 -0.0174157
-0.0189478 -0.0172541
-0.0189123 -0.0172318
-0.0189131 -0.0172099
-0.0188863 -0.0171258
-0.0188609 -0.0171345
-0.0188693 -0.0171345
-0.0188696 -0.0171047
-0.0188329 -0.0170528
-0.0187937 -0.0170293
-0.0187453 -0.0169546
-0.0187453 -0.0169546
-0.0187453 -0.0169546
-0.0186672 -0.0168363
-0.0185554 -0.016745
-0.0184095 -0.01659
-0.0181554 -0.0163254
-0.018016 -0.0161104
-0.0179635 -0.0160463
-0.017962 -0.0160016
-0.0178334 -0.0158729
-0.0175887 -0.0156081
-0.017321 -0.0154555
-0.0173182 -0.0153612
-0.0172167 -0.0153044
-0.0171235 -0.0151673
-0.0170504 -0.0150964
-0.0169388 -0.0150271
-0.0169329 -0.0150258
-0.016952 -0.0150277
-0.0169499 -0.0150277
-0.0169495 -0.015005
-0.0167582 -0.0147998
-0.0167557 -0.0147998
-0.0167532 -0.0147998
-0.0167508 -0.0147998
-0.0166518 -0.0147027
-0.0165308 -0.0145416
-0.0163842 -0.014447
-0.016301 -0.0143709
-0.0162583 -0.0143252
-0.0162345 -0.0143018
-0.0162722 -0.0143342
-0.0164373 -0.0145097
-0.0165342 -0.0146091
-0.0166538 -0.0147338
-0.0167989 -0.0147822
-0.0167933 -0.0148807
-0.0169602 -0.0149451
-0.0171275 -0.0151166
-0.0174725 -0.015573
-0.017592 -0.0155746
-0.0176219 -0.0158499
-0.0177203 -0.0158715
-0.0177896 -0.0160264
-0.0180274 -0.0162755
-0.0180222 -0.0162721
-0.0180666 -0.0163328
-0.0180649 -0.0163328
-0.0181097 -0.0163952
-0.0180877 -0.0164219
-0.0180863 -0.0164219
-0.0180848 -0.0164219
-0.0180659 -0.0164502
-0.018063 -0.0164172
-0.0178171 -0.0163201
-0.0178113 -0.0162196
-0.0172388 -0.0157062
-0.0169807 -0.0154743
-0.0168212 -0.0154018
-0.0161931 -0.0147852
-0.015927 -0.0145539
-0.0158119 -0.014379
-0.0158092 -0.0143503
-0.0157104 -0.0142525
-0.0157046 -0.0142525
-0.0156231 -0.0141375
-0.0155743 -0.0141165
-0.0155712 -0.0141165
-0.0155529 -0.014084
-0.0155994 -0.0140638
-0.0157131 -0.0142153
-0.0160234 -0.0143649
-0.0163794 -0.0149038
-0.0164837 -0.0150043
-0.0164808 -0.0150043
-0.0164779 -0.0149981
-0.0166481 -0.0151755
-0.0168139 -0.0151726
-0.0171493 -0.015701
-0.0171469 -0.015701
-0.0174158 -0.0160045
-0.0174137 -0.0160265
-0.0175158 -0.016118
-0.0177759 -0.0164885
-0.0177743 -0.0164885
-0.017771 -0.0165271
-0.0177263 -0.0165165
0.999919 0.85324
1 0.853015
0.995669 0.848378
0.992264 0.844221
0.988459 0.842284
0.979124 0.835929
0.975332 0.830369
0.961968 0.82834
0.957365 0.817765
0.933278 0.800991
0.879635 0.757757
0.873009 0.751382
0.835296 0.727708
0.649067 0.571526
0.432407 0.439437
0.229469 0.264666
0.0694594 0.183376
0.0620975 0.138189
-0.0780815 0.000321421
-0.0860198 -0.0085956
-0.196484 -0.155734
-0.273359 -0.21076
-0.342554 -0.254996
-0.528088 -0.323876
-0.537636 -0.327229
-0.626032 -0.407457
-0.670711 -0.469597
-0.761523 -0.632132
-0.771833 -0.660065
-0.840272 -0.81247
-0.88583 -0.871836
-0.896692 -0.89475
-0.918491 -0.913937
-0.922813 -0.924965
-0.952593 -0.959796
-0.963709 -0.965858
-0.966283 -0.976016
-0.94914 -0.991914
-0.8559 -0.674077
-0.866973 -0.620512
-0.774742 -0.437636
-0.547779 -0.491547
-0.557599 -0.477904
-0.577111 -0.481352
-0.500837 -0.467675
-0.404396 -0.447852
-0.413361 -0.432093
-0.152454 -0.209754
0.0567206 -0.00798951
0.108088 0.0426751
0.144731 0.0771925
0.165751 0.0916155
0.162134 0.105853
0.191539 0.11195
0.185098 0.10482
0.169712 0.0954638
0.161796 0.0978206
0.159204 0.11092
0.151595 0.117779
0.151033 0.101295
0.150904 0.0999438
0.124179 0.0873107
0.105782 0.0846646
0.0959524 0.0972915
0.0994402 0.0831994
0.101337 0.0840176
0.0978347 0.0897685
0.0821229 0.103193
0.0885141 0.0857466
0.0920355 0.101707
0.0787162 0.0987616
0.0869115 0.0902345
0.0778235 0.100226
0.0829807 0.10499
0.0879044 0.0958708
0.130656 0.13913
0.12611 0.148688
0.133095 0.140707
0.147318 0.153789
0.163077 0.167541
0.164401 0.176565
0.17211 0.175302
0.180437 0.183174
0.196535 0.195703
0.230508 0.214913
0.253088 0.237575
0.291434 0.265342
0.300949 0.264129
0.336604 0.28757
0.346493 0.294485
0.37078 0.310234
0.380998 0.31898
0.370465 0.311563
0.379589 0.334165
0.400689 0.332849
0.392681 0.332692
0.403361 0.329215
0.423694 0.343975
0.434529 0.353574
0.445395 0.355918
0.413011 0.361987
0.44572 0.355107
0.412186 0.337703
0.434135 0.34687
0.451138 0.351162
0.40609 0.335859
0.428089 0.344231
0.35392 0.296519
0.364626 0.293577
0.396663 0.320056
0.318298 0.263918
0.262319 0.226055
0.281362 0.233239
0.25588 0.214748
0.274377 0.217918
0.23329 0.201751
0.212724 0.188463
0.168502 0.16085
0.156066 0.146066
0.14379 0.127099
0.15915 0.124081
0.12016 0.0872829
0.0955264 0.0783357
0.0981802 0.0819167
0.105797 0.0714592
0.0241511 1.44924e-05
0.0196195 -0.00822032
0.0240479 0.00465923
0.00794481 -0.020361
0.0119669 -0.00936427
0.000272238 -0.0224525
-0.0355286 -0.0612989
-0.0315399 -0.061524
-0.0217784 -0.057272
-0.0200346 -0.0406685
-0.0673847 -0.107556
-0.0670854 -0.0952145
-0.0807143 -0.110282
-0.0938556 -0.12442
-0.095726 -0.145755
-0.12205 -0.153178
-0.146688 -0.190362
-0.159397 -0.19926
-0.213545 -0.244883
-0.224135 -0.244851
-0.249401 -0.277377
-0.291934 -0.294468
-0.304891 -0.302238
-0.312528 -0.304148
-0.309065 -0.312215
-0.316934 -0.308249
-0.351605 -0.325527
-0.374459 -0.341637
-0.405156 -0.35364
-0.414715 -0.357004
-0.406205 -0.355248
-0.425703 -0.359139
-0.405737 -0.362357
-0.435506 -0.364504
-0.387595 -0.371366
-0.40813 -0.369255
-0.418466 -0.372225
-0.409226 -0.37195
-0.419708 -0.376025
-0.427903 -0.385146
-0.439505 -0.389486
-0.450279 -0.391077
-0.472048 -0.399877
-0.389171 -0.393218
-0.367407 -0.37935
-0.389388 -0.382709
-0.400401 -0.388443
-0.381696 -0.380879
-0.392705 -0.385955
-0.40372 -0.390952
-0.384392 -0.384001
-0.352312 -0.360245
-0.398836 -0.393218
-0.378735 -0.377534
-0.326814 -0.384003
-0.286682 -0.326809
-0.265685 -0.292028
-0.291444 -0.302754
-0.261207 -0.287758
-0.240692 -0.298957
-0.23149 -0.269156
-0.239893 -0.267491
-0.236031 -0.262663
-0.239212 -0.256598
-0.207917 -0.229698
-0.189297 -0.210961
-0.196303 -0.220438
-0.171931 -0.196085
-0.178583 -0.198811
-0.160803 -0.182466
-0.158412 -0.182984
-0.136786 -0.155794
-0.113883 -0.153179
-0.108077 -0.127182
-0.0890168 -0.107357
-0.0925104 -0.111731
-0.0829094 -0.0987661
-0.0857876 -0.103935
-0.0677726 -0.0848078
-0.0702238 -0.0714824
-0.035296 -0.0512269
-0.0138729 -0.0387593
-0.00763115 -0.0213291
0.012213 -0.0013283
0.0294411 0.0270118
0.0434553 0.036024
0.0602451 0.0523473
0.0619284 0.0473251
0.0637136 0.0485208
0.101652 0.085022
0.104406 0.0875973
0.115161 0.10169
0.132517 0.117722
0.171883 0.161071
0.184167 0.164934
0.18909 0.17724
0.212099 0.194088
0.211898 0.198232
0.223207 0.200079
0.255724 0.235146
0.294234 0.264443
0.30194 0.272855
0.322551 0.283816
0.339259 0.303097
0.33452 0.298726
0.360542 0.302506
0.372389 0.320625
0.353017 0.316066
0.386201 0.331003
0.369171 0.32667
0.405523 0.344895
0.35969 0.321295
0.371625 0.317914
0.393615 0.30508
0.371106 0.315246
0.347912 0.299316
0.27216 0.24383
0.275932 0.246671
0.237326 0.224517
0.276521 0.246079
0.286864 0.250892
0.206153 0.190033
0.216089 0.193654
0.202426 0.184839
0.22607 0.205671
0.213088 0.19301
0.209056 0.183559
0.21229 0.18944
0.169432 0.151813
0.183712 0.148984
0.171658 0.149751
0.112902 0.121164
0.116442 0.0998788
0.124517 0.112762
0.109164 0.0989799
0.0835476 0.0742786
0.0876688 0.0646319
0.0166096 0.00100627
0.0190485 0.00695986
0.0236369 0.0138042
-0.0213361 -0.0416273
-0.0198715 -0.0346441
-0.0185059 -0.0321146
-0.0694 -0.0948976
-0.0696157 -0.0861104
-0.13412 -0.154242
-0.142074 -0.165391
-0.155569 -0.17752
-0.166679 -0.19356
-0.169987 -0.201741
-0.198333 -0.214927
-0.196087 -0.226434
-0.230966 -0.240247
-0.282465 -0.279978
-0.315746 -0.297547
-0.322874 -0.299162
-0.348544 -0.324476
-0.407335 -0.365655
-0.41741 -0.368892
-0.393954 -0.369136
-0.404145 -0.370333
-0.385344 -0.375068
-0.390214 -0.372709
-0.390726 -0.382075
-0.401517 -0.379805
-0.39851 -0.381264
-0.428816 -0.395056
-0.439851 -0.398602
-0.407434 -0.397849
-0.40868 -0.398754
-0.388628 -0.389699
-0.399569 -0.386164
-0.3692 -0.379798
-0.379997 -0.376085
-0.401378 -0.377705
-0.337004 -0.345391
-0.27893 -0.329765
-0.296584 -0.314437
-0.268731 -0.290012
-0.227945 -0.254606
-0.171586 -0.193235
-0.1592 -0.180036
-0.189576 -0.209237
-0.181234 -0.19824
-0.187069 -0.186082
-0.101054 -0.110125
-0.0765004 -0.0904414
-0.058551 -0.0674446
-0.0617311 -0.0733963
-0.0678093 -0.0796297
-0.0242806 -0.0301787
-0.0306492 -0.0214894
-0.00514775 -0.0145325
0.0106702 0.00181118
0.0450269 0.0314117
0.0451012 0.0413083
0.0455537 0.0341381
0.0551445 0.0443801
0.056374 0.0446744
0.107019 0.0933688
0.112391 0.109693
0.145083 0.130038
0.183807 0.174575
0.193039 0.173287
0.242492 0.221546
0.248727 0.231221
0.241357 0.228363
0.267051 0.252986
0.274244 0.251006
0.288883 0.264261
0.275952 0.264412
0.306519 0.277824
0.297082 0.279432
0.31358 0.282265
0.309571 0.305266
0.328281 0.29693
0.596022 0.660719
0.48491 0.594883
0.495239 0.562079
0.456905 0.512687
0.439804 0.497278
0.355155 0.388842
0.256708 0.293004
0.174056 0.292101
0.180372 0.263256
0.193229 0.252874
0.125296 0.251747
0.145439 0.214976
0.0243164 0.176357
0.0314999 0.165941
-0.00385241 0.0825219
0.00393523 0.0661283
-0.119075 -0.00540508
-0.104792 -0.082763
-0.152764 -0.0783707
-0.0997437 -0.123507
-0.114305 -0.0999404
-0.103675 -0.0919054
-0.039065 -0.0735568
0.000960301 -0.0683712
0.0240123 -0.0562385
0.0725162 -0.0300824
0.152823 0.0113543
0.160962 0.0116723
0.232205 0.0696866
0.255923 0.0518626
0.239691 0.0572565
0.231265 0.0395808
0.212161 0.0257169
0.0689255 -0.0940217
0.0607563 -0.114028
0.043736 -0.129014
-0.0863596 -0.230485
-0.0963482 -0.23349
-0.498206 -0.374014
-0.541384 -0.406283
-0.607142 -0.478123
-0.623904 -0.499435
-0.642421 -0.51991
-0.654848 -0.542777
-0.683776 -0.541873
-0.707188 -0.563749
-0.680646 -0.511504
-0.663952 -0.45025
-0.670972 -0.454425
-0.537752 -0.374892
-0.543614 -0.379264
-0.498046 -0.385241
-0.503661 -0.388844
-0.383577 -0.35954
-0.307804 -0.346314
-0.31251 -0.316607
-0.31719 -0.320866
-0.218176 -0.255391
-0.227124 -0.242696
-0.231568 -0.232164
-0.182523 -0.195195
-0.186774 -0.199526
-0.108298 -0.130401
-0.112375 -0.119091
-0.124572 -0.116363
-0.0842523 -0.0856639
-0.0134826 -0.0140007
-0.0212297 -0.00890205
0.0375852 0.0356351
0.0716271 0.0705246
0.0529025 0.0540074
0.069806 0.0659186
0.0545226 0.0852944
0.0787698 0.0842772
0.0539592 0.0684719
0.0462801 0.0710328
0.0389613 0.0532481
0.0212417 0.0370309
-0.00461854 0.0120957
-0.0331038 -0.012457
-0.0407609 -0.0199378
-0.0481177 -0.0491097
-0.0637686 -0.0655353
-0.0708965 -0.0821546
-0.108147 -0.129414
-0.119351 -0.157181
-0.122445 -0.165081
-0.125494 -0.172695
-0.135318 -0.178817
-0.138211 -0.192002
-0.154509 -0.229258
-0.161818 -0.239208
-0.173566 -0.275652
-0.179299 -0.279606
-0.174882 -0.304039
-0.150666 -0.321201
-0.135334 -0.319101
-0.129682 -0.317399
-0.0573389 -0.256049
-0.0575604 -0.249969
-0.0358411 -0.238692
-0.0361819 -0.222583
-0.0295826 -0.214014
-0.0295487 -0.207887
0.0068993 -0.165043
0.0265755 -0.127101
0.0309785 -0.099406
0.0316095 -0.0949746
0.0526207 -0.0328667
0.0918702 0.0496225
0.124303 0.125846
0.134011 0.135407
0.136729 0.140774
0.150622 0.170941
0.153668 0.179335
0.163346 0.200288
0.176935 0.220909
0.187456 0.243703
0.195079 0.273365
0.193855 0.278733
0.197912 0.280346
0.195599 0.28963
0.203819 0.294758
0.202669 0.305518
0.206829 0.30796
0.215158 0.315538
0.201777 0.313883
0.200315 0.322807
0.204472 0.316214
0.204974 0.315641
0.215131 0.32236
0.198584 0.326867
0.206846 0.319348
0.202244 0.319904
0.171533 0.299802
0.175629 0.303354
0.159446 0.2901
0.166289 0.291553
0.147443 0.285015
0.142769 0.280474
0.147113 0.278848
0.144687 0.275729
0.125408 0.274642
0.132879 0.261014
0.137907 0.261736
0.135806 0.260677
0.137727 0.258285
0.143259 0.260498
0.125308 0.248293
0.131002 0.250368
0.116672 0.246748
0.135247 0.240858
0.141856 0.243413
0.20599 0.255347
0.223729 0.261946
0.247798 0.270336
0.275113 0.277485
0.258624 0.257837
0.32283 0.264972
0.337565 0.275592
0.357114 0.26806
0.398673 0.262096
0.396351 0.263815
0.373778 0.222547
0.39091 0.229962
0.36261 0.196946
0.312514 0.135425
0.273412 0.078028
0.217207 0.0125928
0.0847309 -0.0951071
0.0773937 -0.118434
0.00882703 -0.182963
-0.262061 -0.300227
-0.520885 -0.480445
-0.531662 -0.506922
-0.6836 -0.712905
-0.734958 -0.786081
-0.742966 -0.809621
-0.753068 -0.790276
-0.769517 -0.797227
-0.779087 -0.810753
-0.77336 -0.780604
-0.755933 -0.729364
-0.618598 -0.549784
-0.64125 -0.407491
-0.492476 -0.400788
-0.517619 -0.400665
-0.465425 -0.404396
-0.431732 -0.398563
-0.448881 -0.393565
-0.401779 -0.380324
-0.259241 -0.301457
-0.268764 -0.291575
-0.228412 -0.249834
-0.231128 -0.250059
-0.147738 -0.176161
-0.0441917 -0.0542674
-0.0257172 -0.0264672
0.0147294 0.0158512
0.0368329 0.0662637
0.0413486 0.0688953
-0.00123797 0.0185936
-0.025852 -0.00758602
-0.0791643 -0.0759224
-0.103061 -0.123269
-0.118545 -0.14216
-0.145268 -0.194327
-0.160091 -0.222691
-0.175328 -0.260359
-0.1815 -0.274051
-0.185604 -0.28565
-0.182971 -0.317657
-0.185301 -0.320697
-0.175729 -0.324663
-0.162371 -0.322528
-0.129632 -0.316803
-0.113035 -0.308629
-0.0732739 -0.27573
-0.0736071 -0.27413
-0.0672956 -0.272617
-0.0678132 -0.263208
-0.0680349 -0.262095
-0.0495529 -0.224223
-0.00943125 -0.141277
0.0157705 -0.0991816
0.0317195 -0.0864808
0.0641684 -0.010885
0.0655279 -0.00390413
0.0837292 0.03475
0.0873375 0.0511328
0.10507 0.0898662
0.107311 0.0935416
0.130555 0.144789
0.133432 0.151101
0.192304 0.26908
0.196261 0.272061
0.20317 0.310902
0.218507 0.313371
0.213849 0.315194
0.219726 0.319426
0.210814 0.324549
0.1987 0.319512
0.202798 0.324238
0.197477 0.318459
0.18152 0.309247
0.177155 0.304273
0.168332 0.298032
0.176656 0.292368
0.167765 0.294954
0.131954 0.270207
0.145225 0.263409
0.110853 0.258851
0.117455 0.255944
0.10932 0.241903
0.119157 0.243777
0.103899 0.227202
0.110157 0.22897
0.160031 0.248036
0.175272 0.247289
0.188324 0.246907
0.212698 0.24768
0.231587 0.254551
0.257938 0.266436
0.297877 0.270952
0.303501 0.264556
0.355244 0.274082
0.366286 0.281089
0.372943 0.279791
0.404766 0.277972
0.41259 0.269252
0.410713 0.256652
0.396901 0.232065
0.404905 0.234967
0.383567 0.211836
0.390363 0.214495
0.372253 0.190995
0.293797 0.113566
0.236697 0.103581
0.236863 0.0544725
0.0011565 -0.184777
-0.086107 -0.242062
-0.274754 -0.305077
-0.368079 -0.329775
-0.549609 -0.524131
-0.594063 -0.567901
-0.760155 -0.767894
-0.744167 -0.752354
-0.763306 -0.775043
-0.745702 -0.726344
-0.763883 -0.727808
-0.731048 -0.681483
-0.757307 -0.685012
-0.72764 -0.635369
-0.708305 -0.573383
-0.731995 -0.550673
-0.688043 -0.474087
-0.695568 -0.481087
-0.659641 -0.404159
-0.520416 -0.400422
-0.475446 -0.397042
-0.41626 -0.39112
-0.376469 -0.361483
-0.38661 -0.366237
-0.391629 -0.365308
-0.280138 -0.312411
-0.170545 -0.167115
-0.0819566 -0.0877848
-0.0860799 -0.0921133
-0.090194 -0.0959456
-0.0467408 -0.052377
-0.0142681 -0.0237049
0.00348139 0.00108166
0.025847 0.0237089
0.0792284 0.0549814
0.0641532 0.0746524
0.077336 0.0768476
0.0851963 0.0887327
0.0776157 0.0970497
0.0346584 0.0512356
0.0238765 0.0462216
-0.0020832 0.0507142
-0.0791 -0.0594864
-0.0937922 -0.0638139
-0.150389 -0.156317
-0.157231 -0.159405
-0.188795 -0.223544
-0.207296 -0.256355
-0.215185 -0.275562
-0.210955 -0.272534
-0.213328 -0.280927
-0.215641 -0.287951
-0.211919 -0.294802
-0.214036 -0.296046
-0.216091 -0.300383
-0.195563 -0.325181
-0.199202 -0.325753
-0.16585 -0.327501
-0.149358 -0.323716
-0.127293 -0.317834
-0.103628 -0.300421
-0.104588 -0.301272
-0.10505 -0.298422
-0.0831828 -0.291266
-0.0629996 -0.270758
-0.0636123 -0.261368
-0.0638879 -0.255202
-0.0228297 -0.198311
-0.000837081 -0.157616
0.0623592 -0.0192676
0.0846036 0.0438659
0.124766 0.132855
0.131739 0.143855
0.156955 0.20903
0.181044 0.263575
0.184995 0.266804
0.183846 0.273801
0.193491 0.291043
0.201445 0.305177
0.203475 0.310607
0.175202 0.301923
0.193843 0.315292
0.197208 0.321187
0.187673 0.314589
0.194157 0.319135
0.171368 0.307029
0.157103 0.300519
0.16528 0.300723
0.16938 0.303383
0.13302 0.279079
0.141618 0.281951
0.133677 0.274292
0.13809 0.278599
0.137739 0.275719
0.132302 0.272754
0.137792 0.271062
0.13724 0.268919
0.14225 0.267818
0.125102 0.258306
0.130231 0.262165
0.135413 0.264402
0.140423 0.259316
0.135682 0.257427
0.131756 0.256967
0.149527 0.259142
0.129345 0.257838
0.13575 0.250132
0.148814 0.254924
0.141986 0.241107
0.149053 0.246228
0.154978 0.244515
0.177875 0.24992
0.178219 0.254159
0.206788 0.25825
0.226916 0.26033
0.246183 0.265091
0.255975 0.269366
0.265872 0.269989
0.287025 0.274307
0.290246 0.266746
0.301302 0.256987
0.3123 0.260017
0.345417 0.267411
0.359076 0.271046
0.344184 0.274062
0.378852 0.238819
0.387922 0.235796
0.340579 0.174322
0.306998 0.124165
0.260319 0.0885022
0.18529 0.00794457
0.113309 -0.0800945
0.0547314 -0.112108
-0.0321628 -0.2054
-0.0386542 -0.207411
-0.116948 -0.228682
-0.124389 -0.249453
-0.206981 -0.281749
-0.224616 -0.289097
-0.305691 -0.305539
-0.32519 -0.312556
-0.617146 -0.597161
-0.628018 -0.640553
-0.712802 -0.736793
-0.748672 -0.786144
-0.75891 -0.800327
-0.775159 -0.810724
-0.787882 -0.807759
-0.79724 -0.801004
-0.758869 -0.730853
-0.730915 -0.615337
-0.652262 -0.385668
-0.600815 -0.382252
-0.6076 -0.381842
-0.54544 -0.399845
-0.519089 -0.405932
-0.393944 -0.368971
-0.344854 -0.354313
-0.359644 -0.347874
-0.311193 -0.347862
-0.0615901 -0.0725329
-0.0775024 -0.0700956
-0.037524 -0.058354
-0.0379008 -0.0267909
0.182943 0.0562284
0.182185 0.0819379
0.240897 0.135125
0.287942 0.179851
0.277809 0.181981
0.294411 0.206891
0.294428 0.212852
0.296135 0.207534
0.251465 0.2092
0.227559 0.186784
0.227728 0.197861
0.166316 0.171537
0.130454 0.133126
0.0501645 0.0755154
0.0137195 -0.0224815
-0.0199689 -0.0602453
-0.0101709 -0.0506812
-0.0212652 -0.0631889
-0.0166117 -0.0571054
-0.00718851 -0.0540701
-0.00363923 -0.0436288
0.00168978 -0.0436814
0.017727 -0.0294546
0.015872 -0.0293094
0.0532103 0.0085417
0.0691295 0.0217382
0.123376 0.0716652
0.149875 0.100461
0.179601 0.128198
0.214501 0.166779
0.221021 0.169928
0.195024 0.162854
0.185086 0.157906
0.148816 0.14362
0.152636 0.142782
0.130131 0.132823
0.0977182 0.115135
0.0540264 0.0744434
0.0286057 0.0528362
0.00562263 0.028527
-0.00419661 0.0246156
-0.0544817 -0.0195099
-0.0779595 -0.0395067
-0.080638 -0.0429663
-0.107797 -0.0696604
-0.109553 -0.082869
-0.217734 -0.177519
-0.227323 -0.182313
-0.24333 -0.200733
-0.256255 -0.205916
-0.327139 -0.243692
-0.346482 -0.264134
-0.335603 -0.269648
-0.340942 -0.265232
-0.33106 -0.268765
-0.336412 -0.2616
-0.328817 -0.263534
-0.316662 -0.26156
-0.284952 -0.264816
-0.301157 -0.24957
-0.306571 -0.260348
-0.298664 -0.253295
-0.279839 -0.250663
-0.28343 -0.241316
-0.264249 -0.223883
-0.269691 -0.226499
-0.222781 -0.185528
-0.213513 -0.174468
-0.174026 -0.147524
-0.184822 -0.14946
-0.173133 -0.126398
-0.145583 -0.10502
-0.150957 -0.112533
-0.161725 -0.113591
-0.134462 -0.0936911
-0.119531 -0.0806009
-0.107753 -0.0695512
-0.104387 -0.0592093
-0.115076 -0.0605967
-0.0975217 -0.0558818
-0.10124 -0.0554017
-0.106574 -0.0609567
-0.0929466 -0.0443426
-0.108925 -0.0470366
-0.120219 -0.0692049
-0.124905 -0.0664827
-0.136735 -0.0753892
-0.185926 -0.115063
-0.21676 -0.145942
-0.219211 -0.141695
-0.216622 -0.136935
-0.234474 -0.155506
-0.224793 -0.172144
-0.185528 -0.146373
-0.189601 -0.151358
-0.169844 -0.134645
-0.15082 -0.108916
-0.134803 -0.0946889
-0.109402 -0.0815335
-0.0806679 -0.0562175
-0.0320926 -0.0164295
-0.0308687 -0.00661142
0.051528 0.054262
0.0543373 0.055986
0.0749364 0.0643874
0.0766147 0.0738985
0.0955895 0.0912663
0.0975027 0.0909302
0.101537 0.0917231
0.126046 0.117479
0.143881 0.124451
0.164373 0.14291
0.170757 0.147802
0.183841 0.164371
0.196579 0.165307
0.233375 0.199431
0.242044 0.196694
0.246452 0.21033
0.234995 0.198704
0.244155 0.201629
0.233558 0.205343
0.238332 0.210624
0.240949 0.219316
0.261485 0.221627
0.25166 0.211511
0.262043 0.228151
0.228248 0.217062
0.247327 0.214467
0.238426 0.212801
0.236464 0.20594
0.171481 0.204211
0.176898 0.181927
0.162254 0.161679
0.167557 0.161763
0.162971 0.15205
0.100551 0.110756
0.109324 0.111827
0.078281 0.0975103
0.0866339 0.0973092
0.0658759 0.0940116
0.0737918 0.081999
0.0495073 0.0683513
-0.0744643 -0.00370065
-0.0981252 -0.0201481
-0.122984 -0.0517476
-0.139911 -0.0635053
-0.154187 -0.0932955
-0.166678 -0.113597
-0.178632 -0.143193
-0.180578 -0.144327
-0.180872 -0.158167
-0.155969 -0.147078
-0.130912 -0.12787
-0.131206 -0.121839
-0.103422 -0.0858457
-0.0907965 -0.0913355
-0.0641816 -0.0608541
-0.0643808 -0.0530498
-0.0513179 -0.038154
-0.03046 -0.0190042
-0.0305149 -0.0190269
-0.00763217 -0.00219913
0.00822621 0.00922749
0.0251186 0.0270013
0.0250462 0.0338209
0.0320033 0.0350603
0.0376018 0.0449159
0.0426939 0.0512947
0.0469214 0.0576165
0.0485388 0.0577485
0.0478742 0.0606456
0.0478905 0.0584375
0.0479231 0.0605744
0.0459169 0.0573578
0.0425286 0.0584492
0.0425863 0.055004
0.0322124 0.0468915
0.0322483 0.0468428
0.0257795 0.0486538
0.0184674 0.0430855
0.00514944 0.0237383
0.00515929 0.0236911
0.00516879 0.0236478
-0.00979752 0.00989735
0.0875222 0.0361485
0.106597 0.0475405
0.16504 0.10091
0.177561 0.109078
0.190126 0.122207
0.208737 0.135467
0.219577 0.14648
0.217052 0.145096
0.220626 0.161437
0.235479 0.162808
0.221107 0.171422
0.240354 0.173487
0.218294 0.176361
0.2128 0.163271
0.213187 0.160007
0.178302 0.138794
0.182053 0.142789
0.15675 0.135422
0.162945 0.132764
0.165954 0.122812
0.0985499 0.0932328
0.0763343 0.0592424
0.0581127 0.0471124
0.0600343 0.0392472
0.0211297 0.0194982
0.0261624 0.00767043
0.000218605 -0.00512093
0.00165855 -0.00827323
0.00433001 -0.00294921
-0.0197431 -0.00867645
-0.015932 -0.0287519
-0.0396962 -0.0438021
-0.0608579 -0.0621823
-0.060512 -0.0722744
-0.10738 -0.107644
-0.108695 -0.105348
-0.109279 -0.12064
-0.129041 -0.125321
-0.159839 -0.150902
-0.193143 -0.184962
-0.206698 -0.196986
-0.207977 -0.198757
-0.216261 -0.192062
-0.222497 -0.205306
-0.234312 -0.214565
-0.25889 -0.234803
-0.249852 -0.220301
-0.2669 -0.230549
-0.274809 -0.244912
-0.289286 -0.228758
-0.28065 -0.241085
-0.29654 -0.238502
-0.292638 -0.249236
-0.315449 -0.260868
-0.305393 -0.253534
-0.304155 -0.257913
-0.314926 -0.265991
-0.2736 -0.24369
-0.248314 -0.230261
-0.259141 -0.228409
-0.264564 -0.233671
-0.225179 -0.214815
-0.230586 -0.207715
-0.227831 -0.193141
-0.181832 -0.15402
-0.161794 -0.142412
-0.172578 -0.148468
-0.158926 -0.130499
-0.171357 -0.142777
-0.174643 -0.136085
-0.148601 -0.125392
-0.158064 -0.118544
-0.151222 -0.114932
-0.132476 -0.0914164
-0.137836 -0.0978681
-0.143203 -0.106519
-0.132826 -0.0923061
-0.143547 -0.103241
-0.148917 -0.0949349
-0.132644 -0.0872759
-0.13451 -0.0867
-0.150561 -0.100415
-0.143158 -0.092926
-0.157663 -0.107245
-0.161872 -0.10675
-0.158205 -0.102517
-0.174278 -0.11727
-0.162889 -0.107617
-0.184269 -0.124116
-0.195007 -0.12795
-0.205795 -0.137067
-0.222926 -0.148693
-0.172054 -0.135782
-0.174555 -0.13928
-0.176993 -0.142962
-0.179368 -0.13744
-0.134356 -0.108738
-0.137403 -0.110888
-0.138823 -0.11476
-0.117028 -0.093813
-0.0784014 -0.0595497
0.0145505 0.0130791
0.0373469 0.0312462
0.0836202 0.0675588
0.107746 0.089052
0.153621 0.120865
0.156931 0.1295
0.180895 0.149226
0.204417 0.160692
0.2116 0.173788
0.220061 0.171375
0.229919 0.179554
0.237986 0.187584
0.247403 0.20076
0.249105 0.195347
0.258531 0.202797
0.239377 0.194888
0.244548 0.198846
0.241046 0.195835
0.25033 0.213376
0.211592 0.189656
0.207797 0.195386
0.214156 0.183438
0.192242 0.168982
0.184452 0.163399
0.165626 0.169483
0.164329 0.148899
0.169576 0.150944
0.151001 0.14474
0.156126 0.141842
0.179006 0.159848
0.109979 0.10907
0.0737399 0.0848634
0.0773401 0.0849024
0.0514058 0.0668018
-0.0431937 0.0402946
-0.0659586 0.0166918
-0.0655307 0.0134133
-0.0655307 0.0133818
-0.113078 -0.0488384
-0.129903 -0.0696505
-0.129673 -0.0692842
-0.144709 -0.0906662
-0.157167 -0.105961
-0.157103 -0.10599
-0.156974 -0.118036
-0.184264 -0.154974
-0.18554 -0.149588
-0.18431 -0.151434
-0.181818 -0.161174
-0.182011 -0.161506
-0.176266 -0.16169
-0.176325 -0.1498
-0.153881 -0.159572
-0.153949 -0.132739
-0.13163 -0.131618
-0.118938 -0.104177
-0.119014 -0.104238
-0.104851 -0.0915
-0.090008 -0.0779506
-0.0752125 -0.067554
-0.0451287 -0.0460117
-0.0304761 -0.0308994
-0.0212041 -0.0217795
-0.0213041 -0.0139125
-0.0213543 -0.0139576
0.0252431 0.0297856
0.0347647 0.0390132
0.0465273 0.049374
0.0526445 0.0577982
0.0526706 0.0580734
0.0515915 0.0578357
0.051766 0.0571888
0.0505759 0.0567526
0.044349 0.0610153
0.0394667 0.0529647
0.039484 0.0489889
0.0395187 0.0488893
0.0334924 0.0439644
0.02651 0.0380278
0.0209878 0.033592
0.0140128 0.0273507
-0.00764609 0.0170499
0.0630099 0.00980344
0.0676899 0.0114651
0.096799 0.0348334
0.122996 0.0573231
0.14793 0.0818767
0.1533 0.0836051
0.149802 0.0835161
0.16601 0.0935697
0.184222 0.10963
0.231074 0.152601
0.236446 0.157657
0.248614 0.169791
0.254945 0.174494
0.238578 0.174679
0.225801 0.166596
0.189207 0.135859
0.193215 0.136271
0.131813 0.109343
0.140812 0.0986197
0.0864081 0.0604796
0.0142816 0.00450293
-0.014914 -0.0244686
-0.0296943 -0.0408155
-0.0277832 -0.0393777
-0.0516178 -0.0636835
-0.0766224 -0.0860822
-0.0762345 -0.0931818
-0.113634 -0.115427
-0.114286 -0.12568
-0.151931 -0.157833
-0.16597 -0.160702
-0.171099 -0.179314
-0.248276 -0.224858
-0.262764 -0.234794
-0.265654 -0.230506
-0.306852 -0.240334
-0.289579 -0.254435
-0.291065 -0.251628
-0.269342 -0.255437
-0.279498 -0.241909
-0.275725 -0.242639
-0.251805 -0.248693
-0.257188 -0.240639
-0.262579 -0.230455
-0.237328 -0.239543
-0.226021 -0.205228
-0.204745 -0.196269
-0.199156 -0.178112
-0.204565 -0.186623
-0.187932 -0.168888
-0.180714 -0.158141
-0.16975 -0.143828
-0.180938 -0.152344
-0.160928 -0.142273
-0.146696 -0.116592
-0.152605 -0.112103
-0.157977 -0.115084
-0.146426 -0.103081
-0.187165 -0.13455
-0.192551 -0.140239
-0.193437 -0.143133
-0.20421 -0.14915
-0.209606 -0.15669
-0.213851 -0.150008
-0.201773 -0.142725
-0.2192 -0.157438
-0.220542 -0.160384
-0.236749 -0.160175
-0.187807 -0.156066
-0.195863 -0.157067
-0.170928 -0.145668
-0.132476 -0.112833
-0.135442 -0.11304
-0.108622 -0.0878145
-0.067908 -0.0449325
-0.0460863 -0.0332551
-0.02138 -0.0136062
-0.0211784 -0.0130011
0.00297968 0.00730858
0.00435887 0.00808755
0.0291346 0.0155332
0.0301322 0.0255691
0.0323441 0.0258507
0.0546469 0.0438814
0.0994406 0.0796529
0.125674 0.0997671
0.128174 0.100709
0.14372 0.113497
0.14935 0.123242
0.163518 0.128766
0.18742 0.153926
0.220894 0.174376
0.232711 0.182792
0.234114 0.18572
0.238665 0.186865
0.221827 0.198953
0.226555 0.185301
0.224604 0.191972
0.208911 0.19833
0.210015 0.188688
0.207648 0.185933
0.213231 0.180477
0.198055 0.179335
0.18596 0.163154
0.173089 0.150518
0.161587 0.149456
0.15716 0.150751
0.165343 0.149089
0.129955 0.124026
0.105762 0.10174
0.0868151 0.0871538
0.0667004 0.0848474
0.0740895 0.0757599
0.0649274 0.068606
-0.0434742 0.0407613
-0.0432332 0.0370598
-0.0463078 0.0322401
-0.0688838 0.00533458
-0.113799 -0.0501855
-0.146635 -0.0961367
-0.146469 -0.0943692
-0.146385 -0.106802
-0.162302 -0.117344
0.194373 0.307818
0.157803 0.284401
0.0735634 0.190302
0.0503651 0.173354
0.0408608 0.170346
0.0360987 0.16589
0.0040184 0.129874
-0.0206757 0.104117
-0.0363532 0.0919298
-0.118097 0.00920203
-0.235135 -0.138799
-0.294047 -0.203368
-0.351905 -0.263386
-0.357487 -0.262668
-0.374985 -0.276248
-0.385322 -0.286317
-0.390716 -0.29065
-0.392356 -0.302589
-0.408011 -0.310727
-0.345806 -0.289177
-0.33086 -0.284093
-0.336376 -0.290045
-0.276986 -0.274551
-0.293484 -0.258644
-0.269404 -0.238046
-0.274907 -0.243627
-0.244658 -0.234724
-0.21335 -0.186256
-0.156421 -0.153454
-0.178255 -0.151826
-0.162394 -0.127121
-0.131772 -0.111835
-0.153542 -0.122458
-0.125364 -0.105278
-0.1186 -0.0766422
0.0441029 -0.020246
0.0436114 -0.0183574
0.0431199 -0.00528487
0.0707334 0.0111335
0.093322 0.0476026
0.107899 0.06721
0.129367 0.0769308
0.144572 0.105926
0.149155 0.110808
0.149136 0.114904
0.149077 0.109178
0.152193 0.123005
0.133817 0.123144
0.125751 0.122121
0.125794 0.113049
0.104435 0.10381
0.0902996 0.106631
0.0735946 0.0850562
0.0560865 0.07823
0.0380495 0.0593978
0.0194335 0.0564245
-0.0142141 0.0167701
-0.0141751 0.019619
-0.0485719 -0.0149413
-0.098462 -0.0650243
-0.0984674 -0.0650243
-0.108142 -0.0755337
-0.108156 -0.0755337
-0.10817 -0.0755337
-0.116125 -0.0843952
-0.122323 -0.0940047
-0.126875 -0.0970515
-0.130307 -0.0999523
-0.130348 -0.102241
-0.124648 -0.0987507
-0.1247 -0.101521
-0.120261 -0.0951059
-0.120367 -0.0951059
-0.114558 -0.0898998
-0.107012 -0.082841
-0.098835 -0.0768105
-0.0697182 -0.0578264
-0.0697912 -0.0464897
-0.0480053 -0.031371
-0.0480542 -0.0249847
0.0958098 0.00482765
0.160618 0.0779469
0.165804 0.0854384
0.189621 0.110368
0.194841 0.112945
0.215987 0.136338
0.2265 0.142704
0.241779 0.154343
0.257657 0.170232
0.345298 0.250582
0.319401 0.247784
0.3249 0.241405
0.319327 0.246645
0.255438 0.211162
0.167346 0.143526
0.178322 0.139327
0.117788 0.0931717
0.0867961 0.0862611
0.103138 0.0675522
0.0637312 0.0508623
0.085456 0.0352057
0.045938 0.0165495
0.0422529 -0.0126031
0.029529 -0.0220691
0.027253 -0.0262797
0.00760026 -0.029293
0.0236345 -0.0329651
0.0189979 -0.0422229
0.0268552 -0.0338493
0.0310606 -0.0320373
0.0390292 -0.0243322
0.0406327 -0.0284667
0.0552603 -0.0119852
0.0766815 -0.00206676
-0.0225205 0.00288086
-0.0223107 -0.0045994
-0.0218912 0.00100352
-0.0495912 -0.0615872
-0.094874 -0.106889
-0.0993299 -0.114225
-0.104075 -0.130134
-0.104077 -0.124199
-0.105248 -0.134519
-0.105274 -0.127998
-0.0946275 -0.123205
-0.0916153 -0.129516
-0.0917334 -0.128135
-0.0825062 -0.125328
-0.0752575 -0.110236
-0.07009 -0.110131
-0.0644768 -0.101762
-0.0587994 -0.0969134
-0.0528726 -0.097878
-0.040749 -0.0926353
-0.0245429 -0.0654078
-0.0208422 -0.0669395
-0.0166051 -0.0578197
-0.0167031 -0.0582158
-0.0123709 -0.0533776
-0.00523872 -0.0458221
-0.00528081 -0.0458221
-0.00147287 -0.0440113
0.00148679 -0.0382955
0.00208014 -0.0372916
0.00229841 -0.0366359
-0.00286054 -0.0400817
-0.00492575 -0.0417498
-0.00727439 -0.0421665
-0.144008 -0.0833309
-0.172662 -0.115968
-0.19066 -0.132317
-0.195887 -0.139093
-0.20112 -0.145114
-0.235528 -0.185353
-0.24081 -0.191144
-0.266886 -0.219759
-0.29122 -0.241164
-0.307316 -0.256798
-0.338342 -0.278436
-0.345788 -0.284944
-0.351235 -0.290024
-0.354998 -0.294986
-0.356267 -0.304201
-0.361761 -0.301237
-0.367261 -0.30587
-0.349841 -0.309895
-0.360875 -0.305723
-0.371937 -0.312507
-0.321716 -0.287656
-0.291384 -0.26639
-0.265871 -0.258309
-0.257254 -0.234852
-0.223736 -0.203307
-0.178133 -0.173131
-0.171038 -0.14031
-0.149871 -0.125039
-0.155334 -0.130214
-0.160803 -0.136043
-0.118477 -0.0909716
-0.129333 -0.104773
-0.113369 -0.0849881
-0.118786 -0.0867366
-0.116804 -0.0830762
-0.10016 -0.0673653
-0.125905 -0.0908697
-0.150679 -0.0883775
-0.108319 -0.068073
-0.122613 -0.0760251
-0.133393 -0.0855291
-0.137886 -0.090243
-0.131886 -0.0909013
-0.157152 -0.0987559
-0.0724452 -0.116596
-0.05579 -0.0929405
-0.0563318 -0.0731676
-0.0252571 -0.0540165
0.00855751 -0.013158
0.0254264 0.00718724
0.0248735 0.0176745
0.0494713 0.0370016
0.0600064 0.0513766
0.059794 0.0579381
0.0778652 0.0720362
0.0828032 0.0797805
0.0759904 0.0816498
0.0771354 0.0855089
0.0765492 0.0886352
0.0748618 0.0910687
0.071379 0.0921302
0.0714452 0.0853287
0.0482486 0.0735144
0.0390431 0.0677006
0.0391388 0.0677006
0.0189847 0.0695163
-0.0015876 0.0454608
-0.00154178 0.0378271
-0.0216406 0.0274851
-0.0216007 0.020829
-0.0215608 0.020829
-0.031067 0.0183531
-0.0310311 0.0123209
-0.0309952 0.0123209
-0.0309234 0.0146462
-0.0440338 0.00075718
-0.0510913 -0.00668695
-0.0578087 -0.013112
-0.0577405 -0.0154413
-0.0740631 -0.0318185
-0.075682 -0.0337254
-0.0744537 -0.0329817
-0.0744528 -0.0329817
-0.0722847 -0.0312885
-0.0691833 -0.0286379
-0.0654054 -0.0253095
-0.061089 -0.0246623
-0.0610836 -0.0214294
-0.0510191 -0.0121593
-0.0510057 -0.0128467
-0.0456248 -0.0105104
0.0766815 0.0125071
0.0960515 0.0291143
0.224612 0.154252
0.22992 0.158873
0.235234 0.164688
0.240556 0.169984
0.253909 0.182106
0.280306 0.205015
0.29175 0.21343
0.318923 0.240167
0.310643 0.242925
0.307792 0.23358
0.269209 0.210861
0.260165 0.20933
0.235613 0.191858
0.252156 0.202891
0.18661 0.173617
0.208631 0.164678
0.160556 0.14119
0.142252 0.113515
0.123829 0.0947019
0.106801 0.071481
0.0843965 0.0587507
0.0898328 0.0578556
0.0632604 0.026491
0.058964 0.0303324
0.0585485 0.00978117
0.0747175 0.0156948
0.0639393 0.0149217
0.0693233 0.0208844
0.0762375 0.0151169
0.0923753 0.0372405
0.0977685 0.0405896
0.085865 0.0230175
0.0969731 0.0375194
0.107745 0.034916
0.0977705 0.0328947
0.0026494 0.0487618
-0.0971082 -0.10391
-0.11371 -0.136383
-0.123009 -0.134132
-0.123432 -0.142717
-0.123483 -0.150483
-0.120611 -0.142448
-0.111548 -0.144437
-0.11162 -0.134911
-0.107239 -0.132691
-0.107282 -0.132691
-0.10205 -0.129367
-0.102098 -0.129367
-0.0958906 -0.124992
-0.0883029 -0.119038
-0.079246 -0.123787
-0.0703766 -0.103578
-0.0704335 -0.103578
-0.0606042 -0.10725
-0.06066 -0.103686
-0.0511343 -0.0943184
-0.0512425 -0.08596
-0.0421024 -0.0772795
-0.0328038 -0.0684532
-0.00141482 -0.0383329
0.00484733 -0.0320554
0.0151411 -0.0204329
0.0218982 -0.014743
0.0218792 -0.013899
0.0218605 -0.013899
0.0235126 -0.0117512
0.0234807 -0.0117512
0.0234648 -0.0117512
0.0238623 -0.00902781
0.0238388 -0.0102584
0.0226368 -0.00968969
0.0180519 -0.0120272
0.0180417 -0.0143948
0.0180312 -0.0132727
0.0147623 -0.0171529
0.00804325 -0.0228707
0.00803137 -0.0228707
0.00386327 -0.026637
-0.000796008 -0.0259811
-0.179041 -0.115036
-0.22825 -0.167519
-0.238782 -0.181765
-0.286046 -0.232219
-0.328957 -0.274797
-0.329265 -0.275879
-0.345188 -0.281111
-0.345361 -0.283185
-0.359772 -0.294169
-0.347091 -0.29997
-0.352554 -0.299313
-0.368983 -0.300686
-0.357605 -0.297994
-0.324688 -0.293019
-0.33019 -0.287605
-0.289024 -0.258486
-0.294534 -0.265271
-0.174265 -0.142139
-0.14218 -0.12877
-0.121704 -0.112508
-0.132566 -0.101827
-0.113735 -0.0751865
-0.135188 -0.0938677
-0.140615 -0.0996376
-0.119023 -0.0689173
-0.135204 -0.0748075
-0.118579 -0.0755654
-0.135016 -0.0908158
-0.145786 -0.0921536
-0.154703 -0.103829
-0.149824 -0.0860526
-0.0414176 -0.0846946
-0.0284599 -0.0572978
-0.0121238 -0.0368573
-0.0127371 -0.0258614
0.00638028 -0.0142315
0.0186086 0.000447981
0.0184592 0.000447981
0.0303641 0.017209
0.0521648 0.042625
0.0616392 0.057738
0.0615781 0.0546328
0.0567484 0.0524321
0.0607417 0.0628491
0.0661844 0.0835705
0.0661943 0.0774602
0.0662143 0.0840839
0.0586106 0.0770329
0.0530257 0.0750278
0.037134 0.0742656
0.0372841 0.0705568
0.0293579 0.0681896
0.0293983 0.0608164
-0.0037241 0.043431
-0.00368234 0.0371941
-0.041683 0.00871846
-0.0479386 -0.0017765
-0.0478854 -0.00153265
-0.0625667 -0.0145838
-0.0625332 -0.0164958
-0.0677245 -0.0220732
-0.0689793 -0.0236877
-0.0689691 -0.0236877
-0.0680768 -0.0249286
-0.0680768 -0.0245588
-0.0671209 -0.0229016
-0.0632666 -0.0198746
-0.054257 -0.0120929
-0.0427916 -0.00156501
0.139977 0.0794469
0.15435 0.0935671
0.200735 0.135956
0.242795 0.174446
0.25551 0.183153
0.281753 0.204785
0.309126 0.23079
0.308091 0.232507
0.301037 0.236989
0.296526 0.227464
0.289404 0.233267
0.294903 0.230207
0.305928 0.235774
0.268747 0.222127
0.278684 0.223081
0.284223 0.224865
0.199956 0.163419
0.173306 0.171443
0.15232 0.122271
0.15781 0.126784
0.163307 0.124939
0.127752 0.113013
0.105937 0.0781328
0.127915 0.0872621
0.0876271 0.0547541
0.0768112 0.0279037
0.0533502 0.0138971
0.0695572 0.0279647
0.0749734 0.0170454
0.0540719 0.00859763
0.0594627 0.0146313
0.0678633 0.0199192
0.05691 -0.000641161
0.0676505 0.0129
0.0730308 0.0211409
0.0788326 0.0228
0.0922877 0.0212018
-0.00857347 0.0269139
-0.0078019 0.0186412
-0.0560014 -0.0339378
-0.0784675 -0.0585497
-0.0915083 -0.0829429
-0.10513 -0.101368
-0.105054 -0.101368
-0.112572 -0.11689
-0.125929 -0.141937
-0.12592 -0.135278
-0.12703 -0.147109
-0.116777 -0.133199
-0.116811 -0.133199
-0.113304 -0.14118
-0.11333 -0.132202
-0.103261 -0.126625
-0.0967257 -0.122023
-0.0802922 -0.117191
-0.0728826 -0.110761
-0.0570469 -0.0885284
-0.0571455 -0.0885284
-0.0331157 -0.0731101
-0.0259102 -0.0654602
-0.518753 -0.364565
-0.523064 -0.364474
-0.522219 -0.362955
-0.51969 -0.360736
-0.51101 -0.358295
-0.458378 -0.35878
-0.426351 -0.355284
-0.387931 -0.352254
-0.335304 -0.319852
-0.33402 -0.317839
-0.332667 -0.313813
-0.187962 -0.188736
-0.0703274 -0.105766
-0.00142772 -0.00201491
0.00770753 0.0388561
0.0745695 0.0957002
0.203119 0.201452
0.417869 0.394007
0.467574 0.454408
0.486597 0.480877
0.494336 0.480939
0.492507 0.526419
0.483824 0.526089
0.366133 0.428975
0.318237 0.445861
0.242963 0.350391
0.228294 0.313394
0.195638 0.290079
0.156714 0.257392
0.105073 0.261295
0.126792 0.232454
0.133882 0.238049
0.126152 0.225817
0.0997067 0.207627
0.0879577 0.177128
0.0427967 0.130672
-0.00987016 0.0670846
-0.0208322 0.0423804
-0.0163859 0.0439672
-0.0120328 0.0259724
-0.0482303 -0.0214341
-0.044856 -0.038782
-0.0598624 -0.0483016
-0.0985356 -0.125124
-0.106243 -0.193637
-0.120811 -0.219469
-0.1228 -0.21495
-0.126216 -0.225854
-0.128082 -0.248253
-0.129647 -0.240145
-0.132026 -0.258798
-0.140727 -0.265897
-0.136343 -0.270522
-0.144358 -0.280497
-0.124393 -0.282463
-0.144576 -0.291695
-0.147782 -0.292701
-0.156252 -0.302299
-0.171079 -0.319448
-0.206058 -0.331762
-0.209896 -0.338967
-0.222269 -0.343378
-0.23392 -0.349686
-0.241062 -0.352892
-0.254822 -0.357041
-0.2674 -0.366793
-0.309273 -0.38663
-0.349789 -0.437345
-0.384055 -0.445283
-0.394633 -0.45215
-0.419121 -0.491567
-0.443147 -0.507076
-0.45532 -0.571658
-0.511719 -0.57393
-0.541835 -0.594524
-0.57634 -0.610566
-0.608921 -0.61712
-0.642523 -0.574079
-0.676278 -0.6277
-0.672313 -0.65943
-0.59797 -0.640848
-0.576819 -0.64085
-0.523936 -0.581071
-0.536523 -0.536116
-0.372411 -0.384777
-0.380647 -0.384493
-0.388334 -0.367711
-0.0487771 0.0712784
0.0993113 0.198214
0.267033 0.330111
0.366201 0.396081
0.472177 0.548353
0.489374 0.57134
0.570448 0.651315
0.609114 0.680711
0.81316 0.838895
0.836436 0.86233
0.884757 0.892699
0.920946 0.91413
0.941781 0.930652
0.950634 0.943406
0.974002 0.967672
0.871444 0.944264
0.873314 0.903147
0.823405 0.841641
0.738241 0.740555
0.681502 0.66732
0.585937 0.574456
0.596874 0.577226
0.525474 0.512838
0.538404 0.504219
0.486787 0.457574
0.286659 0.325117
0.193201 0.268073
0.193943 0.268786
0.0692483 0.171411
-0.00280045 0.140502
-0.245945 -0.118289
-0.243907 -0.1237
-0.2319 -0.125742
-0.290163 -0.163293
-0.30998 -0.188082
-0.329815 -0.211253
-0.318666 -0.184124
-0.287252 -0.154705
-0.0959276 0.015208
-0.0366853 0.107245
-0.0307483 0.110252
0.0061593 0.121837
0.0858134 0.167805
0.0922765 0.204057
0.132792 0.226707
0.192817 0.26988
0.214263 0.287319
0.24472 0.314389
0.287699 0.345525
0.369419 0.395642
0.393537 0.413403
0.412583 0.43394
0.420788 0.440064
0.500952 0.490781
0.51822 0.502818
0.545264 0.522134
0.528101 0.501447
0.497517 0.500938
0.487456 0.460964
0.476895 0.471639
0.484485 0.450857
0.492001 0.447035
0.499442 0.4508
0.378662 0.337153
0.195817 0.190641
0.136006 0.158902
0.0918773 0.0836577
0.0953173 0.0842447
0.0986585 0.0690526
-0.0272198 -0.0758164
-0.0794277 -0.12412
-0.0757086 -0.142713
-0.125162 -0.185952
-0.218517 -0.269847
-0.296212 -0.30232
-0.333597 -0.325152
-0.335219 -0.335741
-0.347542 -0.339352
-0.362846 -0.361562
-0.387017 -0.397983
-0.386137 -0.448135
-0.396236 -0.449518
-0.405244 -0.474408
-0.394348 -0.484979
-0.348615 -0.470566
-0.360589 -0.440816
-0.341249 -0.436932
-0.359778 -0.457828
-0.348181 -0.439925
-0.33617 -0.425071
-0.3436 -0.434466
-0.316946 -0.399858
-0.316741 -0.397984
-0.335008 -0.414006
-0.341676 -0.404464
-0.308851 -0.401293
-0.353507 -0.420879
-0.332858 -0.42782
-0.345086 -0.429676
-0.308833 -0.438431
-0.333151 -0.441392
-0.337075 -0.449574
-0.320669 -0.45418
-0.412729 -0.506245
-0.428412 -0.509113
-0.413303 -0.515569
-0.429298 -0.517347
-0.446396 -0.525628
-0.479496 -0.533669
-0.56412 -0.575244
-0.547732 -0.588214
-0.611531 -0.62342
-0.644767 -0.65031
-0.567063 -0.640254
-0.583272 -0.636016
-0.585448 -0.634055
-0.600733 -0.631453
-0.580638 -0.60671
-0.594942 -0.610534
-0.537891 -0.521272
-0.455517 -0.474903
-0.398021 -0.443189
-0.424776 -0.429527
-0.285759 -0.24849
-0.191865 -0.16078
-0.0927239 -0.034564
-0.0922972 -0.0281987
0.120862 0.179081
0.213363 0.222935
0.218897 0.272927
0.328176 0.379933
0.343078 0.405691
0.426341 0.478757
0.534099 0.592281
0.609623 0.653431
0.671719 0.724599
0.774552 0.813623
0.809688 0.816985
0.847312 0.846259
0.899442 0.882943
0.875605 0.902926
0.887625 0.894778
0.899625 0.893802
0.880877 0.911023
0.892809 0.902143
0.92839 0.90869
0.913376 0.90989
0.901553 0.903156
0.924221 0.91151
0.913895 0.908342
0.891169 0.895022
0.81649 0.85497
0.773204 0.85481
0.773187 0.780156
0.659774 0.64412
0.626857 0.625119
0.645381 0.611584
0.583068 0.575552
0.588815 0.562749
0.449906 0.444884
0.344707 0.347976
0.127129 0.208678
0.0522073 0.197673
0.0333811 0.150351
-0.0261332 0.0859011
-0.191705 -0.0891685
-0.189892 -0.0848172
-0.242828 -0.135911
-0.288449 -0.180304
-0.30645 -0.197607
-0.324984 -0.209336
-0.324901 -0.226783
-0.323043 -0.210401
-0.316079 -0.202325
-0.295837 -0.180852
-0.287007 -0.197257
-0.279024 -0.168883
-0.169368 -0.0493162
-0.159478 -0.0374754
-0.0823474 0.0438981
-0.0712346 0.0603587
-0.0174329 0.0455592
0.0369972 0.133367
0.125003 0.203574
0.263764 0.309569
0.278476 0.328022
0.312748 0.332645
0.320301 0.348378
0.455819 0.457015
0.473508 0.471052
0.482798 0.468433
0.510362 0.48422
0.491811 0.489952
0.50082 0.481957
0.518675 0.489204
0.494414 0.450944
0.473643 0.439694
0.4244 0.41025
0.439176 0.39725
0.44645 0.400656
0.412193 0.375088
0.375682 0.353495
0.38871 0.349698
0.395102 0.346717
0.333807 0.308167
0.252027 0.255286
0.257205 0.241583
0.15036 0.162082
0.154471 0.144427
0.0889784 0.134148
0.0927304 0.101829
0.0963849 0.079922
0.0275514 -0.0156333
0.0301298 -0.0153687
-0.0808178 -0.0466152
-0.0764035 -0.143682
-0.17452 -0.240543
-0.173533 -0.244666
-0.217939 -0.282072
-0.259592 -0.289344
-0.261004 -0.29338
-0.315046 -0.31536
-0.342155 -0.33463
-0.345544 -0.34217
-0.349363 -0.35311
-0.370641 -0.375047
-0.401158 -0.460988
-0.386195 -0.479389
-0.376869 -0.479925
-0.401399 -0.495453
-0.361073 -0.461113
-0.366889 -0.461144
-0.341253 -0.441719
-0.318814 -0.418098
-0.325096 -0.416172
-0.322196 -0.41008
-0.320341 -0.410192
-0.335006 -0.424211
-0.316762 -0.401369
-0.31997 -0.404697
-0.294095 -0.411499
-0.324589 -0.406248
-0.340123 -0.418799
-0.358942 -0.456614
-0.372973 -0.458257
-0.387149 -0.461723
-0.401999 -0.472154
-0.446929 -0.484806
-0.441742 -0.50897
-0.466529 -0.523443
-0.464614 -0.53586
-0.514982 -0.543495
-0.563805 -0.569213
-0.564147 -0.572824
-0.581602 -0.580068
-0.599117 -0.586236
-0.620316 -0.608186
-0.654397 -0.621358
-0.672157 -0.625764
-0.673141 -0.652839
-0.690511 -0.650223
-0.707826 -0.652983
-0.692972 -0.651238
-0.648969 -0.655114
-0.649597 -0.657151
-0.665636 -0.658377
-0.599209 -0.641174
-0.644763 -0.648425
-0.527439 -0.596385
-0.5554 -0.52337
-0.509876 -0.440447
-0.447968 -0.427233
-0.455357 -0.402838
-0.390394 -0.362537
-0.395064 -0.323566
-0.0932012 -0.0754985
0.207795 0.264908
0.313067 0.362956
0.319778 0.376894
0.427078 0.473221
0.43515 0.484184
0.51154 0.515629
0.520362 0.520787
0.557548 0.603127
0.611232 0.610159
0.716658 0.746088
0.821056 0.813119
0.858358 0.849142
0.870222 0.863817
0.8862 0.87866
0.90341 0.900677
0.92747 0.901202
0.91859 0.913629
0.930569 0.909413
0.93115 0.928723
0.96078 0.929303
0.852934 0.8464
0.762087 0.745483
0.725936 0.703035
0.639909 0.599293
0.594094 0.566968
0.599324 0.554963
0.609406 0.552413
0.551011 0.504529
0.270276 0.310463
0.198074 0.253859
-0.0515657 0.090181
-0.114547 0.00759326
-0.110195 -0.00419764
-0.177427 -0.0622626
-0.236452 -0.128518
-0.232575 -0.136808
-0.294233 -0.158244
-0.289973 -0.191779
-0.352853 -0.238389
-0.377208 -0.242908
-0.369616 -0.25521
-0.355217 -0.249224
-0.347482 -0.225661
-0.332093 -0.215994
-0.327939 -0.211637
-0.198304 -0.130041
-0.142467 -0.0604328
-0.131821 -0.0120372
-0.100218 -0.0184225
-0.0947294 -0.00250874
-0.0778449 0.0292559
-0.0327365 0.0914062
-0.0267693 0.0876072
0.0193326 0.137442
0.0627988 0.148792
0.0692313 0.171824
0.230806 0.287702
0.319428 0.342283
0.350244 0.370608
0.393072 0.400368
0.401147 0.408605
0.432356 0.427107
0.486128 0.472538
0.494655 0.472192
0.508773 0.479711
0.526122 0.482581
0.523502 0.470595
0.5062 0.483879
0.484292 0.469255
0.440951 0.394753
0.378038 0.322162
0.312351 0.279178
0.31787 0.281752
0.323301 0.284347
0.0738101 0.0481867
-0.124477 -0.196213
-0.120699 -0.19669
-0.1797 -0.235911
-0.178247 -0.243942
-0.228391 -0.273656
-0.310576 -0.306289
-0.34718 -0.324389
-0.347889 -0.329694
-0.381698 -0.367026
-0.385857 -0.384187
-0.389723 -0.39372
-0.404993 -0.417121
-0.412675 -0.439469
-0.420893 -0.453951
-0.419919 -0.502424
-0.42478 -0.537277
-0.42296 -0.541604
-0.430591 -0.571772
-0.406528 -0.5736
-0.410927 -0.546589
-0.415156 -0.571142
-0.393588 -0.531173
-0.345663 -0.428825
-0.302402 -0.409421
-0.325242 -0.406671
-0.345808 -0.417939
-0.337412 -0.433331
-0.396144 -0.453465
-0.394589 -0.455353
-0.347429 -0.483204
-0.405659 -0.494586
-0.410326 -0.501976
-0.431209 -0.514807
-0.48513 -0.533488
-0.48604 -0.54168
-0.536275 -0.55482
-0.536991 -0.560861
-0.510494 -0.569678
-0.542973 -0.591454
-0.595628 -0.597058
-0.55561 -0.605356
-0.680059 -0.636688
-0.190772 -0.317747
-0.133496 -0.247818
-0.0640578 -0.173781
-0.0646232 -0.155533
0.0330494 -0.0735719
0.166802 -0.00890031
0.165468 0.0632671
0.227349 0.101477
0.226822 0.115365
0.291546 0.152845
0.396748 0.237626
0.444352 0.283453
0.45755 0.299261
0.42497 0.305297
0.425476 0.29347
0.425645 0.307961
0.386388 0.295483
0.358153 0.295781
0.35837 0.284542
0.358801 0.270381
0.247141 0.234121
0.208134 0.195765
0.165673 0.189558
0.166063 0.170426
0.120303 0.139802
0.0073837 0.0540442
-0.095264 -0.0510018
-0.129731 -0.0889889
-0.199987 -0.159353
-0.228948 -0.195297
-0.229012 -0.195297
-0.241977 -0.210194
-0.24207 -0.210194
-0.242164 -0.217282
-0.243977 -0.21391
-0.232658 -0.217771
-0.232899 -0.208353
-0.208831 -0.191023
-0.14008 -0.130556
-0.117397 -0.108165
-0.0960967 -0.110972
-0.0756232 -0.0664652
-0.0555133 -0.0462949
-0.0555795 -0.0462949
-0.0350325 -0.0459415
-0.0350849 -0.036154
-0.0351373 -0.0257025
-0.0352421 -0.0249139
-0.0152175 -0.0058876
-0.0152555 -0.0058876
0.0123912 0.00533099
0.0123692 0.0195574
0.0123023 0.021226
0.0410822 0.0472244
0.0410893 0.0503559
0.0613347 0.0708866
0.0678752 0.0746405
0.0679126 0.0741619
0.069526 0.0777766
0.0696271 0.0867948
0.0673372 0.0802566
0.0635564 0.082928
0.0636236 0.0784108
0.0636908 0.0784108
0.0513413 0.0755141
0.0441616 0.0706295
0.0361944 0.0587111
0.0267805 0.0610098
0.0268453 0.0573194
0.0160183 0.0418596
-0.00631239 0.0341242
-0.0062109 0.0220954
-0.0683361 -0.0400132
-0.101029 -0.0722332
-0.101046 -0.0751034
-0.101081 -0.0751034
-0.106347 -0.0780816
-0.109343 -0.0840208
-0.109404 -0.0854808
-0.112258 -0.091814
-0.112336 -0.0899833
-0.112375 -0.0899833
-0.112414 -0.0926706
-0.0976286 -0.083207
-0.0928013 -0.0743989
-0.0875748 -0.0740336
-0.0658652 -0.0483852
-0.0484772 -0.0247598
-0.0366392 -0.0186216
-0.0320226 -0.0157993
-0.0320387 -0.0138338
-0.0320549 -0.0138338
-0.0242452 -0.00554335
-0.024254 -0.00447678
-0.0207092 -0.00168544
-0.0207141 -0.00168544
-0.017782 0.00159304
-0.014838 0.00604148
-0.0143746 0.00630847
-0.0180788 0.00779939
-0.0243236 -0.00053292
-0.0297222 -0.0030273
-0.032644 -0.00779543
-0.0358296 -0.00874486
-0.0502315 -0.0217373
-0.0502315 -0.0246196