Linear regression parameters:
Intercept: -0.00188292
Slope: 0.992159
Correlation: 0.992987
Target-output data:
submatrix_0
-0.400326 -1.03456
-0.400316 0.205972
-0.400479 -0.398618
-0.401373 -0.399167
-0.401363 -0.399445
-0.401353 -0.399647
-0.402186 -0.399857
-0.402165 -0.40056
-0.402165 -0.400296
-0.403426 -0.401386
-0.40431 -0.401534
-0.404299 -0.402207
-0.405204 -0.403273
-0.405194 -0.403334
-0.40682 -0.404897
-0.407317 -0.405252
-0.407328 -0.405359
-0.407683 -0.405761
-0.407612 -0.405715
-0.407612 -0.405676
-0.407612 -0.4056
-0.407511 -0.405562
-0.407592 -0.405659
-0.407561 -0.405677
-0.40745 -0.405564
-0.407419 -0.405474
-0.40746 -0.405521
-0.40746 -0.405551
-0.40747 -0.405569
-0.407917 -0.405951
-0.408506 -0.406573
-0.409512 -0.407433
-0.409523 -0.407542
-0.409523 -0.407599
-0.409523 -0.407617
-0.410214 -0.408272
-0.410214 -0.408279
-0.410112 -0.408172
-0.410529 -0.40847
-0.410529 -0.408567
-0.410214 -0.408353
-0.410224 -0.408078
-0.409543 -0.40801
-0.409543 -0.407695
-0.408842 -0.40698
-0.406311 -0.404406
-0.405316 -0.403537
-0.405112 -0.403297
-0.405123 -0.403256
-0.405123 -0.403262
-0.405123 -0.403254
-0.405153 -0.403294
-0.405326 -0.403537
-0.405874 -0.404003
-0.406169 -0.404038
-0.406169 -0.404235
-0.406474 -0.404639
-0.406657 -0.404722
-0.406667 -0.40476
-0.406545 -0.404651
-0.406545 -0.404634
-0.406484 -0.404591
-0.406484 -0.404592
-0.406484 -0.404592
-0.406342 -0.404471
-0.406088 -0.404131
-0.405885 -0.404
-0.405631 -0.403814
-0.405631 -0.403735
-0.405549 -0.40368
-0.405173 -0.40358
-0.404858 -0.402995
-0.404808 -0.402937
-0.404777 -0.402948
-0.404879 -0.402993
-0.404879 -0.403007
-0.405092 -0.403191
-0.405072 -0.403219
-0.405072 -0.403177
-0.40496 -0.40309
-0.404492 -0.40267
-0.404492 -0.402608
-0.404492 -0.402608
-0.404157 -0.402469
-0.404147 -0.402239
-0.404147 -0.402083
-0.403253 -0.401342
-0.402653 -0.400558
-0.402155 -0.400762
-0.401789 -0.399833
-0.401017 -0.399333
-0.401038 -0.399191
-0.401038 -0.399227
-0.401383 -0.399475
-0.403019 -0.401174
-0.404909 -0.403517
-0.404899 -0.403092
-0.407409 -0.403084
-0.40871 -0.4055
-0.409736 -0.40655
-0.409736 -0.407543
-0.411331 -0.409171
-0.41189 -0.409567
-0.41189 -0.409765
-0.41189 -0.409875
-0.412602 -0.410614
-0.412337 -0.41031
-0.412317 -0.410287
-0.411972 -0.409958
-0.411809 -0.409978
-0.411514 -0.409641
-0.411514 -0.409599
-0.411118 -0.40914
-0.410742 -0.408554
-0.40996 -0.407986
-0.409604 -0.407734
-0.408964 -0.407022
-0.40872 -0.407018
-0.40874 -0.406803
-0.408557 -0.406646
-0.408689 -0.406773
-0.408699 -0.406781
-0.40871 -0.406791
-0.408791 -0.406811
-0.408882 -0.406893
-0.408953 -0.406979
-0.408964 -0.407019
-0.409055 -0.407089
-0.409584 -0.407745
-0.410864 -0.408484
-0.41122 -0.409252
-0.411646 -0.409482
-0.411311 -0.409354
-0.411331 -0.409315
-0.410742 -0.408827
-0.40998 -0.407581
-0.409116 -0.407124
-0.40499 -0.403687
-0.403883 -0.402241
-0.403883 -0.402024
-0.403883 -0.401953
-0.4018 -0.40018
-0.4018 -0.399916
-0.399147 -0.397625
-0.399147 -0.397625
-0.399147 -0.397351
-0.398365 -0.396557
-0.397816 -0.396429
-0.397318 -0.395635
-0.396912 -0.395509
-0.396333 -0.394764
-0.396109 -0.394339
-0.396231 -0.394442
-0.39928 -0.397526
-0.400428 -0.398322
-0.401586 -0.398727
-0.401576 -0.399722
-0.401566 -0.399705
-0.404675 -0.401687
-0.404665 -0.402585
-0.405692 -0.403162
-0.405681 -0.403551
-0.405671 -0.403752
-0.407602 -0.405666
-0.408872 -0.406875
-0.410234 -0.407792
-0.410407 -0.408284
-0.410772 -0.408749
-0.411301 -0.408915
-0.411301 -0.409167
-0.412124 -0.409926
-0.412124 -0.410092
-0.41248 -0.410437
-0.41379 -0.411769
-0.41379 -0.411871
-0.414624 -0.412496
-0.414624 -0.412558
-0.414563 -0.412576
-0.414573 -0.41253
-0.414319 -0.412326
-0.414319 -0.412326
-0.413882 -0.412002
-0.411535 -0.409919
-0.408791 -0.406587
-0.408791 -0.407023
-0.408791 -0.406858
-0.408801 -0.406416
-0.407968 -0.405989
-0.407196 -0.40544
-0.406586 -0.405277
-0.406586 -0.404817
-0.406596 -0.404439
-0.406139 -0.404684
-0.405163 -0.403392
-0.405163 -0.403336
-0.404391 -0.402489
-0.404391 -0.402339
-0.402856 -0.401363
-0.402856 -0.40101
-0.401729 -0.399876
-0.401403 -0.399803
-0.401129 -0.399295
-0.39994 -0.398114
-0.400275 -0.398435
-0.400275 -0.398435
-0.400662 -0.398733
-0.401119 -0.399313
-0.401657 -0.399277
-0.401637 -0.399834
-0.402298 -0.400355
0.0900278 -0.403206
0.160001 0.14827
0.173842 0.163425
0.193627 0.173669
0.209387 0.18393
0.0614022 0.0472853
0.0553865 0.0127366
-0.0500516 -0.0530599
-0.0508239 -0.0762127
-0.184999 -0.119237
-0.22147 -0.255224
-0.324947 -0.263184
-0.427194 -0.38145
-0.554805 -0.56661
-0.579721 -0.583693
-0.441247 -0.507214
-0.427214 -0.46743
-0.355493 -0.430034
-0.259271 -0.338462
-0.259271 -0.323786
-0.0898246 -0.0882575
-0.0804758 -0.0764564
-0.078606 -0.0753043
-0.0642272 -0.0642696
-0.0621542 -0.0475073
-0.0450215 -0.0490643
-0.0313946 -0.0321765
-0.0320552 -0.0246525
0.012504 0.0137996
0.0978015 0.0757868
0.266903 0.256749
0.290041 0.285684
0.192295 0.184532
0.0744092 0.190041
-0.0351443 0.0622633
-0.018347 -0.0109784
-0.0448996 -0.0614665
-0.0285392 -0.0455044
-0.104102 -0.0981883
-0.0754152 -0.0915517
-0.0603352 -0.0750232
-0.137066 -0.112254
-0.150236 -0.123868
-0.105535 -0.0974963
-0.0449097 -0.0547838
-0.0246066 -0.0454955
-0.0167821 -0.0137769
0.078545 0.0636518
0.0744194 0.0938497
0.0862171 0.0818321
0.0271369 0.107347
0.062205 0.0455481
0.0122601 0.0650985
-0.0526936 -0.00803542
-0.0111017 -0.0221694
-0.0256838 -0.0308426
-0.0563214 -0.0551133
-0.0969073 -0.108065
-0.125706 -0.135076
-0.164351 -0.126166
-0.150002 -0.159096
-0.182459 -0.150345
-0.164798 -0.174406
-0.196858 -0.166972
-0.207548 -0.18025
-0.181798 -0.185594
-0.171891 -0.181923
-0.161566 -0.173817
-0.165722 -0.186962
-0.172785 -0.176651
-0.149474 -0.161498
-0.138113 -0.152283
-0.157969 -0.139352
-0.123368 -0.138627
-0.131782 -0.139115
-0.156679 -0.137001
-0.145247 -0.151561
-0.110798 -0.125446
-0.113298 -0.120521
-0.100068 -0.115386
-0.0722448 -0.102461
-0.0606909 -0.0800077
-0.0606909 -0.0804043
-0.0707002 -0.0802342
-0.0401642 -0.0612299
-0.0360386 -0.0600965
0.0278889 -0.0129265
-0.0595121 -0.012294
0.00174274 -0.0393523
0.0214463 -0.0060657
-0.110229 -0.069475
-0.0931373 -0.102456
-0.0571953 -0.0988246
-0.0575509 -0.0826015
-0.095007 -0.124479
-0.112333 -0.155905
-0.128002 -0.157635
-0.184928 -0.202533
-0.220667 -0.160656
-0.18946 -0.211129
-0.156181 -0.181476
-0.237485 -0.198898
-0.207548 -0.232887
-0.207548 -0.232887
-0.191005 -0.229917
-0.230717 -0.252539
-0.213655 -0.249233
-0.213798 -0.235371
-0.216399 -0.226876
-0.211897 -0.19283
-0.198362 -0.21037
-0.202569 -0.189463
-0.160438 -0.188832
-0.150175 -0.18358
-0.172897 -0.175237
-0.11908 -0.133644
-0.0904444 -0.100901
-0.153539 -0.044438
-0.139393 -0.130851
-0.093747 -0.127373
-0.122312 -0.12962
-0.122312 -0.12962
-0.143458 -0.150774
-0.174329 -0.131048
-0.130451 -0.151936
-0.198901 -0.164603
-0.214489 -0.163661
-0.233603 -0.207446
-0.233603 -0.20952
-0.201604 -0.228416
-0.242667 -0.204572
-0.242667 -0.207586
-0.221124 -0.235361
-0.236265 -0.218214
-0.203524 -0.228704
-0.180498 -0.204976
-0.168009 -0.182481
-0.198616 -0.170084
-0.176118 -0.190191
-0.155652 -0.169795
-0.148204 -0.165196
-0.137036 -0.152616
-0.140816 -0.116501
-0.106622 -0.122539
-0.0943567 -0.107272
-0.113674 -0.0960027
-0.0896721 -0.109546
-0.12096 -0.0931502
-0.0784638 -0.0853904
-0.078982 -0.0556912
-0.0392497 -0.0675453
-0.0841137 -0.086657
-0.0756083 -0.0410653
-0.0414446 -0.0585498
-0.0414446 -0.0591223
-0.0254094 -0.0471944
-0.0546142 -0.0719104
-0.0387822 -0.057454
-0.146608 -0.130189
-0.173608 -0.179142
-0.174685 -0.202145
-0.174685 -0.202145
-0.209113 -0.181114
-0.209113 -0.182669
-0.186066 -0.203862
-0.213279 -0.177873
-0.202101 -0.207073
-0.178333 -0.195072
-0.153244 -0.169141
-0.174939 -0.191023
-0.205353 -0.205217
-0.180071 -0.1938
-0.180071 -0.191448
-0.166241 -0.190738
-0.179075 -0.155774
-0.146649 -0.160476
-0.134943 -0.147327
-0.129384 -0.14343
-0.12407 -0.13221
-0.116164 -0.124813
-0.104071 -0.118415
-0.113725 -0.0530616
-0.0889913 -0.100762
-0.120574 -0.0860331
-0.096389 -0.110883
-0.0986449 -0.110841
-0.125319 -0.0899019
-0.103187 -0.112905
-0.103187 -0.110352
-0.120909 -0.0807392
-0.132128 -0.0863451
-0.119263 -0.121905
-0.0775898 -0.109407
-0.154179 -0.0877311
-0.141731 -0.139725
-0.148265 -0.106554
-0.108126 -0.139239
-0.157969 -0.107318
-0.159341 -0.122886
-0.165255 -0.181876
-0.192539 -0.154805
-0.1574 -0.171516
-0.147909 -0.119665
-0.120178 -0.137264
-0.150165 -0.12759
-0.174777 -0.134153
-0.137463 -0.156535
-0.169929 -0.176974
-0.162623 -0.132958
-0.126143 -0.154017
-0.126143 -0.152505
-0.150957 -0.155961
-0.11344 -0.141051
-0.11344 -0.139824
-0.104396 -0.11953
-0.109863 -0.118685
-0.117475 -0.0964255
-0.0088153 -0.0169337
-0.018723 -0.0364714
-0.0020171 -0.0232061
-0.0589736 -0.00241962
-0.043355 -0.0456044
-0.0538622 -0.0111763
-0.0538622 -0.0111763
0.00163096 -0.0350564
-0.0832499 -0.0862352
-0.167369 -0.120656
-0.235605 -0.267488
-0.263976 -0.27978
-0.285428 -0.290563
-0.244903 -0.262276
-0.277329 -0.221721
-0.268925 -0.249259
-0.258509 -0.265901
-0.226866 -0.244184
-0.199144 -0.21618
-0.180569 -0.160025
-0.138408 -0.159825
-0.0985433 -0.112936
-0.0887779 -0.104913
-0.0829044 -0.0995201
-0.0679565 -0.0859797
-0.126508 -0.137895
-0.102638 -0.107922
-0.122962 -0.141157
-0.154819 -0.121903
-0.149891 -0.116036
-0.153752 -0.0927023
-0.148183 -0.18267
-0.148183 -0.18267
-0.132189 -0.155301
-0.130644 -0.150436
-0.196868 -0.136715
-0.149494 -0.183537
-0.194084 -0.206065
-0.263448 -0.240867
-0.242443 -0.259127
-0.219681 -0.234838
-0.21146 -0.225923
-0.19951 -0.195141
-0.189765 -0.174027
-0.117129 -0.143006
-0.101602 -0.111824
-0.0886661 -0.10286
-0.11531 -0.120208
-0.107445 -0.109935
-0.0680073 -0.0955079
-0.0555592 -0.0702339
-0.0900278 -0.041758
-0.0877617 -0.0900507
-0.0465153 -0.0757194
-0.0879142 -0.107105
-0.120086 -0.0896679
-0.117627 -0.126713
-0.0788804 -0.110559
-0.137097 -0.0859019
-0.123866 -0.125265
-0.140349 -0.101129
-0.127138 -0.131491
-0.125045 -0.157217
-0.125045 -0.158447
-0.17434 -0.130698
-0.149789 -0.165257
-0.179664 -0.153094
-0.220189 -0.162624
-0.218187 -0.222731
-0.208381 -0.221596
-0.218533 -0.203997
-0.162115 -0.16866
-0.150785 -0.16488
-0.162583 -0.141771
-0.150388 -0.133038
-0.108908 -0.122621
-0.0968565 -0.110887
-0.0852721 -0.0994681
-0.0823252 -0.0737118
-0.0447268 -0.0597303
-0.0544313 -0.044242
-0.0544719 -0.0754907
-0.0305614 -0.0473156
-0.0721838 -0.0313967
-0.101317 -0.100013
-0.0727427 -0.0922327
-0.146913 -0.114496
-0.121295 -0.137685
-0.114914 -0.135217
-0.116469 -0.118103
-0.116469 -0.118103
-0.0876093 -0.116593
-0.110849 -0.128329
-0.110849 -0.128329
-0.144779 -0.0996397
-0.150622 -0.109686
-0.0959318 -0.111957
-0.119466 -0.135687
-0.108075 -0.123097
-0.109477 -0.12527
-0.132402 -0.115331
-0.0934523 -0.110258
-0.121875 -0.0882593
-0.083067 -0.111787
-0.116733 -0.075236
-0.125025 -0.0780039
-0.111855 -0.114849
-0.0981775 -0.114751
-0.131284 -0.0861569
-0.104529 -0.121609
0.882104 0.86461
0.876322 0.855534
0.851679 0.831482
0.803594 0.779432
0.765569 0.772873
0.68083 0.654315
-0.0378169 -0.0659483
-0.444702 -0.397086
-0.641992 -0.638895
-0.641992 -0.633362
-0.793189 -0.802602
-0.870723 -0.81082
-0.89384 -0.879217
-0.89384 -0.880439
-0.949293 -0.8819
-0.997632 -0.950467
-0.962178 -0.956447
-0.972604 -0.919509
-0.975205 -0.93252
-0.910821 -0.934629
-0.740144 -0.757812
-0.327721 -0.372251
-0.171911 -0.224173
0.0580488 0.0742845
0.156353 0.129673
0.41815 0.394979
0.409929 0.400886
0.378346 0.430165
0.159493 0.274555
0.180244 0.168072
0.161048 0.186022
0.185192 0.195623
0.216572 0.196474
0.216572 0.22769
0.245807 0.256158
0.312956 0.288197
0.351804 0.296904
0.510307 0.510148
0.538871 0.516507
0.554043 0.516467
0.57714 0.528219
0.57714 0.528243
0.23532 0.182603
0.120198 0.146543
-0.34844 -0.225942
-0.345057 -0.427967
-0.602839 -0.639143
-0.604506 -0.668208
-0.749249 -0.790045
-0.841386 -0.797727
-0.897763 -0.855325
-0.894826 -0.910566
-0.935656 -0.926675
-0.963855 -0.945651
-0.965887 -0.945614
-0.817699 -0.830135
-0.765996 -0.739317
-0.712789 -0.749406
-0.599313 -0.552049
-0.504403 -0.470229
-0.441014 -0.465443
-0.456541 -0.439134
-0.464162 -0.428598
-0.395144 -0.423734
-0.418465 -0.381011
-0.378661 -0.363149
-0.363134 -0.362417
-0.376761 -0.342518
-0.251518 -0.250055
-0.218878 -0.241013
-0.181849 -0.206214
-0.160906 -0.171786
-0.167999 -0.154026
-0.137615 -0.129598
-0.104061 -0.100729
-0.104864 -0.0920092
-0.0589431 -0.0821984
0.0834328 0.0771454
0.219193 0.244882
0.250827 0.237271
0.142879 0.243706
0.0711676 0.112367
0.0146888 0.0485938
-5.08086e-06 0.00933324
-0.0189465 0.0337864
-0.0189465 0.0383225
0.0192514 0.039472
0.0610161 0.0498706
0.141172 0.157367
0.249638 0.255237
0.28996 0.291177
0.550872 0.521336
0.594872 0.587406
0.562111 0.587124
0.576591 0.578092
0.379678 0.303972
0.297134 0.341635
0.305406 0.271899
0.309328 0.26677
0.230016 0.173762
0.124293 0.056757
-0.0226048 -0.0683691
-0.182357 -0.215059
-0.385429 -0.435247
-0.489648 -0.524724
-0.586062 -0.583141
-0.586062 -0.582553
-0.711935 -0.713536
-0.710665 -0.718621
-0.787813 -0.788834
-0.759848 -0.765154
-0.759848 -0.761986
-0.725105 -0.736179
-0.627014 -0.639084
-0.636454 -0.630959
-0.626475 -0.619777
-0.58467 -0.572092
-0.541279 -0.546934
-0.446877 -0.467964
-0.447456 -0.429792
-0.415681 -0.407371
-0.382208 -0.388854
-0.336389 -0.335386
-0.153274 -0.156054
-0.0931271 -0.0948754
-0.0239258 -0.0312608
0.0683833 0.0579189
0.0874975 0.0795056
0.112953 0.120325
0.189938 0.200386
0.214092 0.195498
0.288832 0.322573
0.250451 0.226555
0.0979235 0.14627
0.0874366 0.0889468
0.0874366 0.0875831
0.0559555 0.120588
0.0961147 0.0947136
0.0631805 0.112264
0.337862 0.34715
0.496985 0.481017
0.579396 0.53001
0.743538 0.714789
0.842859 0.772112
0.849779 0.844635
0.22591 0.167217
0.00176306 0.185473
-0.745459 -0.727443
-0.854565 -0.849831
-0.86993 -0.872598
-0.873334 -0.871751
-0.875529 -0.866489
-0.82596 -0.833555
-0.799834 -0.798667
-0.790821 -0.756601
-0.771107 -0.734288
-0.575209 -0.570679
-0.545029 -0.541163
-0.520722 -0.492046
-0.497736 -0.495597
-0.51679 -0.470099
-0.406616 -0.434989
-0.406616 -0.434565
-0.306442 -0.312844
-0.244923 -0.284775
-0.214143 -0.243355
-0.185833 -0.179538
-0.144678 -0.131488
-0.144921 -0.127636
-0.0603251 -0.0545764
-0.0283766 -0.0291405
-0.00164112 -0.003294
0.0646743 0.0568535
0.073078 0.0680802
0.073078 0.0681973
0.0942347 0.0876394
0.104102 0.0948647
0.11156 0.107141
0.134963 0.112537
0.134963 0.112651
0.107099 0.107217
0.119294 0.106619
0.116184 0.0876703
0.0527444 0.049092
-0.0205826 -0.0195524
-0.0111728 -0.0240255
-0.0527038 -0.0128216
-0.0257854 -0.0378247
-0.066727 -0.0429369
-0.066727 -0.0242249
-0.065538 -0.0538563
-0.0563823 -0.0530368
-0.0379591 -0.042575
0.00532982 0.0207295
0.0473587 0.0508683
0.125533 0.139104
0.419227 0.403676
0.533648 0.501335
0.565281 0.554564
0.565281 0.55751
0.591458 0.593953
0.556888 0.594739
0.583004 0.587959
0.57774 0.58938
0.544338 0.533387
0.472749 0.475053
0.425497 0.466537
0.361762 0.411281
0.365726 0.344475
0.104193 0.0863932
0.117973 0.0482333
-0.140918 -0.155503
-0.241712 -0.32743
-0.395642 -0.290752
-0.383874 -0.417847
-0.559713 -0.50157
-0.556644 -0.55401
-0.624819 -0.637075
-0.683259 -0.685976
-0.68897 -0.691332
-0.754533 -0.756552
-0.756413 -0.756594
-0.723947 -0.728489
-0.727645 -0.715641
-0.719394 -0.718814
-0.660466 -0.646594
-0.650691 -0.627642
-0.636383 -0.618816
-0.610684 -0.595716
-0.614982 -0.600432
-0.584843 -0.605302
-0.60161 -0.584965
-0.553352 -0.536192
-0.490339 -0.473027
-0.471346 -0.453647
-0.444215 -0.458828
-0.444977 -0.438179
-0.445739 -0.426867
-0.385521 -0.410137
-0.385521 -0.432349
-0.362707 -0.363178
-0.363094 -0.353524
-0.335972 -0.349017
-0.302377 -0.31549
-0.299867 -0.295514
-0.228786 -0.235803
-0.0355914 -0.0421045
0.0069557 -2.51463e-05
0.0465661 0.029825
0.0943668 0.0837944
0.114192 0.100357
0.0946615 0.0955675
0.135847 0.0977247
0.157705 0.133664
0.180406 0.157738
0.135573 0.162367
0.255471 0.244607
0.282227 0.25352
0.267441 0.332079
0.250105 0.320676
0.24411 0.228265
0.264007 0.243274
0.186889 0.271238
0.186889 0.271681
0.222069 0.20858
0.165651 0.24835
0.181046 0.186407
0.161058 0.16041
0.147929 0.110807
0.0861968 0.10815
0.12157 0.115414
0.130045 0.146549
0.236702 0.213891
0.360208 0.317638
0.684458 0.644945
0.743813 0.707032
0.763689 0.765865
0.763689 0.767859
0.804224 0.759559
0.874472 0.843962
0.966568 0.983135
0.977492 0.959071
0.934132 0.903525
0.735541 0.822906
0.735541 0.7745
0.739687 0.72563
0.510449 0.481816
-0.296351 -0.324076
-0.603855 -0.617619
-0.603855 -0.618199
-0.647287 -0.649822
-0.654156 -0.6789
-0.673494 -0.691845
-0.738143 -0.728268
-0.734301 -0.75946
-0.78886 -0.813938
-0.830309 -0.801122
-0.829974 -0.835277
-0.829232 -0.843394
-0.840349 -0.834821
-0.843205 -0.816905
-0.819487 -0.836478
-0.831031 -0.799386
-0.637155 -0.621606
-0.523283 -0.503811
-0.523283 -0.504429
-0.433149 -0.428529
-0.408344 -0.403567
-0.42195 -0.39879
-0.37169 -0.393261
-0.33711 -0.311685
-0.290671 -0.286948
-0.288466 -0.273049
-0.291575 -0.273716
-0.256477 -0.239318
-0.0928019 -0.0950709
-0.0531102 -0.0554272
0.00951645 0.004582
0.043294 0.033851
0.0786771 0.0931521
0.0878125 0.129524
0.123612 0.117978
0.0148107 0.0436807
0.0262427 0.0245932
0.0377864 0.0252991
0.0101668 0.000693161
0.0101668 0.000412711
0.0320348 -0.00915365
-0.0481005 -0.0494309
-0.0199322 -0.045634
-0.114416 -0.0233537
-0.0874772 -0.0940754
-0.00184435 -0.00249346
0.0105225 0.0255582
0.0382132 0.0471466
0.122891 0.127734
0.170295 0.164826
0.170295 0.182872
0.188505 0.210157
0.403842 0.386676
0.450698 0.440635
0.506028 0.52184
0.62554 0.660517
0.657448 0.676959
0.605512 0.68141
0.619525 0.586395
0.506801 0.525821
0.523578 0.51098
0.378753 0.350028
0.147442 0.11191
-0.165763 -0.0366698
-0.14608 -0.188093
-0.136314 -0.196392
-0.304217 -0.2224
-0.288842 -0.314795
-0.430862 -0.321214
-0.408374 -0.451469
-0.514077 -0.456457
-0.602067 -0.536203
-0.599303 -0.589382
-0.673097 -0.610106
-0.671512 -0.655584
-0.693279 -0.668401
-0.77696 -0.72957
-0.778403 -0.761506
-0.765864 -0.785827
-0.758354 -0.765952
-0.761555 -0.766335
-0.755123 -0.760784
-0.758598 -0.758116
-0.740226 -0.76411
-0.735125 -0.74148
-0.67014 -0.663973
-0.637958 -0.649445
-0.647886 -0.642074
-0.628518 -0.613636
-0.5878 -0.581849
-0.571084 -0.565018
-0.556593 -0.547527
-0.529451 -0.545649
-0.506089 -0.495742
-0.475096 -0.467246
-0.439998 -0.460296
-0.439093 -0.423117
-0.399381 -0.396186
-0.194175 -0.217055
-0.165225 -0.160322
-0.12031 -0.130217
-0.0833719 -0.086395
-0.0147497 -0.0177586
0.0291591 0.0223941
0.100433 0.0717262
0.167775 0.235755
0.193972 0.227599
0.164757 0.157457
0.211816 0.164414
0.195994 0.248911
0.220464 0.212336
0.288872 0.251937
0.288872 0.249907
0.269941 0.259538
0.231449 0.204554
0.180691 0.280744
0.169513 0.248397
0.115971 0.19646
0.146395 0.134622
0.0729459 0.153832
0.101419 0.0992115
0.11595 0.163768
0.154402 0.170828
0.184288 0.185528
0.270236 0.280821
0.468257 0.478975
0.583115 0.583225
0.715096 0.630886
0.757043 0.739123
0.832525 0.812894
0.889298 0.866534
0.938349 0.940069
0.894196 0.867169
0.787356 0.817926
0.794723 0.763723
0.48788 0.737687
-0.331054 -0.349923
-0.329824 -0.379572
-0.328676 -0.385113
-0.450413 -0.467186
-0.451074 -0.511945
-0.558727 -0.568806
-0.71474 -0.75017
-0.709568 -0.748236
-0.760366 -0.777619
-0.749971 -0.786148
-0.797253 -0.822329
-0.833968 -0.841229
-0.841863 -0.851248
-0.838469 -0.837341
-0.810616 -0.797227
-0.791309 -0.76897
-0.698288 -0.717507
-0.717402 -0.694381
-0.62298 -0.633152
-0.584131 -0.621594
-0.619027 -0.582456
-0.516597 -0.52766
-0.507898 -0.511697
-0.399737 -0.480372
-0.379667 -0.358048
0.00351088 0.0095785
0.0622355 0.0514679
0.0696739 0.0683703
0.0696739 0.0704456
0.11654 0.114212
0.095698 0.106049
0.0597865 0.0730686
0.0729256 0.0660723
-0.0345854 -0.0176975
-0.123633 -0.134042
-0.173212 -0.188196
-0.241133 -0.255345
-0.21712 -0.224057
-0.158426 -0.164536
-0.135552 -0.143636
-0.134292 -0.139328
-0.113857 -0.120636
-0.0955354 -0.105838
-0.0913183 -0.096693
-0.0913183 -0.0966766
-0.0886661 -0.0927535
-0.0829552 -0.0908495
-0.0746328 -0.079916
-0.0849266 -0.0676277
-0.0805571 -0.0825218
-0.0760453 -0.0908615
-0.0918874 -0.0922736
-0.0760859 -0.0897444
-0.13098 -0.0765911
-0.165123 -0.170789
-0.159737 -0.167216
-0.210546 -0.174058
-0.205343 -0.203347
-0.202061 -0.210496
-0.227679 -0.227673
-0.216988 -0.240268
-0.240411 -0.250434
-0.323239 -0.261317
-0.306249 -0.313306
-0.336978 -0.334851
-0.32893 -0.338617
-0.352952 -0.361703
-0.352952 -0.362677
-0.381314 -0.351805
-0.385409 -0.388686
-0.382055 -0.387852
-0.411667 -0.384005
-0.429927 -0.405458
-0.476742 -0.457144
-0.474537 -0.468994
-0.456033 -0.454513
-0.454265 -0.447523
-0.421076 -0.408145
-0.399564 -0.400916
-0.371182 -0.381173
-0.351469 -0.362179
-0.303627 -0.31062
-0.28556 -0.290444
-0.28184 -0.286633
-0.275002 -0.276531
-0.267106 -0.264999
-0.245563 -0.252217
-0.246711 -0.240596
-0.242515 -0.246047
-0.235899 -0.246354
-0.265633 -0.252522
-0.290864 -0.290427
-0.294319 -0.299491
-0.326918 -0.295132
-0.338492 -0.339269
-0.34652 -0.346627
-0.35594 -0.347539
-0.3566 -0.349872
-0.355035 -0.352824
-0.355462 -0.350304
-0.354375 -0.352696
-0.350971 -0.349374
-0.345656 -0.340377
-0.340087 -0.338088
-0.32517 -0.32639
-0.324256 -0.318712
-0.316695 -0.321547
-0.299207 -0.297545
-0.274433 -0.274189
-0.258347 -0.259022
-0.256914 -0.256992
-0.254617 -0.255842
-0.251528 -0.253177
-0.243643 -0.246675
-0.240492 -0.248184
-0.256426 -0.239648
-0.262615 -0.253588
-0.258306 -0.259134
-0.256009 -0.257579
-0.265785 -0.254911
-0.258824 -0.262899
-0.260918 -0.258421
-0.27491 -0.277811
-0.287633 -0.290432
-0.299847 -0.284504
-0.297012 -0.295774
-0.300802 -0.290255
-0.294126 -0.297822
-0.291626 -0.296078
-0.287683 -0.285542
-0.287683 -0.285721
-0.286627 -0.281449
-0.267279 -0.272305
-0.262401 -0.269517
-0.262056 -0.271697
-0.270104 -0.265953
-0.270104 -0.265339
-0.265124 -0.269607
-0.243653 -0.251832
-0.237952 -0.246406
-0.240137 -0.234929
-0.231652 -0.237273
-0.225555 -0.234464
-0.240564 -0.247197
-0.278711 -0.283241
-0.263407 -0.27431
-0.279798 -0.290127
-0.298953 -0.283022
-0.292053 -0.280197
-0.274331 -0.289356
-0.275947 -0.286046
-0.267756 -0.27815
-0.272258 -0.277633
-0.276617 -0.285947
-0.287663 -0.279238
-0.285743 -0.280026
-0.275205 -0.282829
-0.272837 -0.28305
-0.25795 -0.26569
-0.267685 -0.271003
-0.257229 -0.27006
-0.264403 -0.271498
-0.264972 -0.256439
-0.262106 -0.262121
-0.256721 -0.259791
-0.241854 -0.254401
-0.238338 -0.247609
-0.242606 -0.238298
-0.231764 -0.240778
-0.237149 -0.242816
-0.231865 -0.239947
-0.220972 -0.234944
-0.220972 -0.236829
-0.225494 -0.239008
-0.225494 -0.239322
-0.220017 -0.232403
-0.316655 -0.299558
-0.304796 -0.31581
-0.35971 -0.349348
-0.35971 -0.349982
-0.367717 -0.351116
-0.358399 -0.357632
-0.360391 -0.358344
-0.360391 -0.358178
-0.35783 -0.359513
-0.358501 -0.350921
-0.349162 -0.351393
-0.342638 -0.343902
-0.319307 -0.318015
-0.306157 -0.308817
-0.297987 -0.298649
-0.282806 -0.285665
-0.275906 -0.278927
-0.267035 -0.268671
-0.267035 -0.269146
-0.258408 -0.262268
-0.256924 -0.259744
-0.250796 -0.254363
-0.248856 -0.252783
-0.243185 -0.253688
-0.248957 -0.253537
-0.257554 -0.261525
-0.25351 -0.254905
-0.261924 -0.248508
-0.246437 -0.258884
-0.251914 -0.248789
-0.255268 -0.261816
-0.275693 -0.282156
-0.271709 -0.280962
-0.271608 -0.282398
-0.271608 -0.282713
-0.275906 -0.280383
-0.264342 -0.27272
-0.272085 -0.27459
-0.251284 -0.261466
-0.260613 -0.253203
-0.249923 -0.260521
-0.257717 -0.245635
-0.246742 -0.25767
-0.264688 -0.251556
-0.264688 -0.254089
-0.241529 -0.255666
-0.263417 -0.248258
-0.263417 -0.248299
-0.269291 -0.279955
-0.290773 -0.294853
-0.297469 -0.309921
-0.286556 -0.304941
-0.314023 -0.296155
-0.373509 -0.378971
-0.394788 -0.403898
-0.405092 -0.409736
-0.398741 -0.409891
-0.391475 -0.400575
-0.391008 -0.398503
-0.389179 -0.388367
-0.389179 -0.393385
-0.383956 -0.376374
-0.377777 -0.384381
-0.370187 -0.373223
-0.371518 -0.366356
-0.371518 -0.37207
-0.361539 -0.364291
-0.346662 -0.349828
-0.342577 -0.348687
-0.344772 -0.336043
-0.338472 -0.343239
-0.332273 -0.332628
-0.330332 -0.322973
-0.314754 -0.321461
-0.271862 -0.278103
-0.271862 -0.275393
-0.265439 -0.273824
-0.262086 -0.267425
-0.249343 -0.251527
-0.239375 -0.241157
-0.228756 -0.237514
-0.230473 -0.221361
-0.220697 -0.228857
-0.220697 -0.228941
-0.223929 -0.222725
-0.224 -0.228601
-0.221378 -0.229236
-0.221378 -0.23026
-0.227892 -0.232623
-0.256772 -0.242502
-0.265389 -0.249511
-0.277237 -0.262986
-0.270805 -0.277304
-0.300995 -0.305685
-0.329052 -0.328216
-0.340392 -0.326963
-0.33836 -0.337556
-0.343593 -0.337601
-0.350117 -0.350314
-0.348512 -0.350107
-0.339671 -0.34021
-0.335901 -0.337885
-0.329408 -0.331057
-0.315903 -0.318459
-0.299176 -0.301071
-0.292947 -0.292901
-0.290519 -0.292551
-0.291169 -0.290872
-0.28685 -0.286805
-0.285417 -0.287227
-0.283893 -0.286386
-0.285641 -0.284816
-0.280794 -0.283872
-0.285082 -0.281719
-0.285153 -0.287843
-0.288171 -0.285702
-0.289259 -0.289784
-0.305507 -0.295146
-0.30252 -0.305542
-0.310375 -0.312949
-0.310608 -0.313976
-0.315476 -0.31861
-0.308048 -0.313853
-0.308048 -0.313941
-0.305121 -0.309757
-0.30253 -0.303443
-0.27806 -0.283723
-0.247341 -0.245918
-0.232668 -0.240957
-0.230991 -0.225253
-0.208503 -0.218674
-0.206603 -0.195089
-0.188637 -0.199809
-0.188637 -0.198182
-0.211379 -0.190922
-0.217253 -0.195367
-0.211145 -0.212928
-0.198545 -0.207628
-0.199917 -0.21562
-0.199917 -0.218285
-0.215088 -0.22295
-0.238409 -0.219416
-0.265846 -0.223121
-0.260094 -0.256232
-0.259871 -0.268629
-0.297357 -0.295755
-0.293659 -0.302088
-0.288202 -0.296959
-0.294177 -0.303067
-0.293699 -0.298759
-0.293201 -0.280725
-0.282338 -0.291074
-0.280784 -0.289381
-0.280784 -0.286281
-0.266893 -0.270842
-0.261405 -0.270093
-0.257544 -0.258944
-0.24599 -0.259062
-0.24599 -0.259225
-0.240035 -0.250409
-0.252341 -0.241862
-0.240807 -0.251068
-0.262198 -0.262517
-0.251294 -0.259951
-0.25665 -0.265173
-0.25665 -0.265045
-0.280387 -0.256379
-0.275479 -0.27602
-0.265338 -0.273515
-0.260094 -0.268671
-0.27301 -0.277749
-0.268071 -0.276256
-0.266882 -0.27153
-0.271343 -0.271664
-0.267269 -0.252773
-0.26234 -0.265741
-0.270713 -0.274291
-0.263702 -0.278368
-0.263702 -0.27975
-0.277745 -0.284775
-0.277745 -0.284952
-0.291332 -0.300403
-0.308891 -0.313945
-0.327284 -0.33462
-0.343095 -0.348832
-0.356783 -0.345597
-0.360441 -0.363508
-0.360441 -0.363459
-0.352119 -0.353596
-0.342984 -0.346224
-0.342658 -0.344926
-0.325932 -0.318788
-0.321766 -0.32574
-0.317081 -0.323028
-0.304298 -0.306735
-0.299613 -0.30508
-0.269728 -0.274219
-0.25665 -0.26375
-0.245919 -0.250757
-0.234782 -0.241374
-0.2391 -0.24206
-0.256233 -0.234642
-0.256233 -0.238241
-0.253764 -0.259067
-0.242545 -0.255507
-0.252219 -0.257147
-0.262554 -0.267886
-0.274676 -0.282352
-0.274676 -0.283019
-0.286332 -0.289266
-0.296941 -0.286075
-0.293049 -0.299431
-0.302123 -0.29005
-0.302123 -0.284891
-0.293435 -0.301917
-0.307844 -0.300289
-0.303729 -0.307803
-0.288618 -0.296011
-0.277044 -0.287731
-0.268254 -0.280212
-0.26985 -0.278019
-0.259261 -0.275165
-0.267462 -0.259567
-0.25666 -0.269039
-0.250685 -0.236677
-0.238989 -0.251522
-0.23846 -0.251183
-0.265775 -0.278901
-0.260125 -0.272513
-0.285367 -0.268346
-0.295782 -0.307377
-0.307143 -0.311628
-0.33519 -0.312724
-0.31321 -0.32632
-0.356895 -0.358808
-0.347861 -0.363933
-0.378824 -0.385963
-0.370674 -0.384816
-0.366467 -0.376889
-0.398477 -0.378901
-0.397796 -0.399039
-0.397918 -0.387794
-0.385825 -0.392291
-0.38235 -0.388351
-0.383752 -0.387345
-0.376588 -0.38034
-0.377351 -0.371988
-0.353277 -0.351989
-0.345219 -0.349993
-0.345219 -0.350071
-0.342811 -0.3405
-0.334732 -0.337437
-0.331928 -0.335168
-0.326471 -0.330446
-0.315618 -0.319793
-0.311665 -0.314224
-0.272146 -0.276868
-0.244527 -0.249984
-0.223197 -0.231399
-0.224467 -0.226494
-0.218817 -0.225995
-0.224061 -0.230971
-0.229528 -0.236197
-0.24283 -0.228315
-0.240421 -0.240493
-0.237911 -0.24676
-0.294217 -0.293289
-0.306066 -0.290444
-0.32266 -0.317125
-0.317762 -0.322211
-0.328554 -0.330806
-0.341845 -0.34127
-0.346225 -0.346945
-0.354578 -0.350642
-0.351885 -0.351124
-0.348766 -0.347925
-0.334885 -0.336378
-0.334245 -0.335619
-0.329093 -0.33092
-0.328442 -0.329971
-0.32769 -0.328749
-0.322467 -0.324324
-0.31574 -0.31734
-0.313941 -0.316802
-0.312915 -0.314668
-0.312915 -0.314554
-0.281454 -0.284364
-0.281952 -0.282587
-0.280204 -0.281937
-0.276414 -0.281387
-0.278162 -0.275712
-0.276922 -0.28032
-0.272167 -0.279446
-0.29252 -0.291534
-0.302418 -0.297279
-0.298821 -0.301353
-0.304237 -0.30664
-0.304237 -0.304998
-0.302327 -0.304958
-0.314561 -0.302706
-0.315334 -0.312307
-0.315334 -0.311122
-0.310751 -0.31481
-0.291647 -0.291996
-0.271333 -0.277869
-0.264129 -0.270028
-0.23658 -0.243375
-0.210627 -0.209589
-0.205119 -0.210692
-0.200658 -0.205762
-0.194856 -0.202679
-0.187611 -0.201996
-0.202894 -0.190782
-0.195557 -0.203874
-0.189277 -0.198075
-0.24662 -0.261738
-0.283405 -0.259926
-0.277867 -0.279527
-0.272207 -0.281002
-0.286098 -0.291404
-0.286098 -0.289334
-0.274798 -0.289277
-0.299563 -0.307973
-0.297967 -0.292219
-0.296738 -0.284201
-0.284371 -0.278239
-0.278944 -0.284215
-0.278609 -0.276498
-0.273071 -0.279338
-0.284777 -0.264645
-0.269474 -0.279368
-0.264057 -0.273491
-0.276943 -0.266739
-0.266567 -0.275946
-0.261192 -0.270569
-0.264718 -0.269842
-0.243653 -0.25238
-0.237546 -0.246143
-0.242738 -0.251273
-0.254942 -0.240138
-0.264057 -0.269653
-0.253682 -0.267102
-0.253682 -0.267197
-0.259566 -0.268189
-0.265673 -0.274607
-0.260653 -0.269563
-0.250319 -0.260712
-0.277501 -0.252582
-0.267624 -0.276068
-0.275632 -0.279588
-0.276485 -0.286479
-0.271537 -0.281447
-0.276993 -0.282324
-0.267015 -0.282998
-0.271008 -0.280322
-0.265958 -0.277233
-0.282623 -0.28578
-0.369617 -0.282348
-0.383295 -0.381086
-0.389921 -0.385115
-0.426198 -0.417239
-0.446613 -0.451149
-0.453177 -0.452834
-0.455352 -0.456745
-0.460311 -0.458379
-0.46904 -0.471619
-0.478744 -0.480663
-0.479964 -0.48376
-0.497493 -0.501989
-0.478856 -0.483784
-0.478856 -0.483784
-0.477301 -0.481382
-0.468207 -0.473333
-0.466144 -0.471435
-0.453411 -0.46199
-0.420782 -0.427824
-0.381639 -0.384147
-0.319297 -0.325506
-0.226286 -0.231836
-0.236143 -0.214706
-0.252565 -0.229405
-0.252565 -0.229969
-0.234426 -0.240539
-0.27176 -0.258002
-0.278609 -0.28319
-0.290864 -0.290442
-0.309856 -0.312464
-0.312641 -0.314725
-0.313017 -0.312743
-0.219072 -0.227884
-0.20958 -0.221556
-0.184288 -0.199911
-0.15549 -0.162559
-0.149769 -0.153586
-0.14545 -0.150291
-0.136518 -0.146871
-0.133134 -0.139623
-0.119355 -0.127162
-0.111225 -0.103436
-0.122982 -0.124274
-0.134689 -0.117225
-0.137188 -0.124096
-0.121621 -0.136488
-0.164808 -0.146466
-0.154453 -0.161216
-0.154453 -0.162528
-0.164269 -0.17714
-0.193525 -0.197327
-0.188282 -0.206283
-0.257554 -0.22117
-0.248114 -0.255895
-0.243236 -0.252226
-0.304206 -0.323005
-0.385439 -0.380638
-0.379495 -0.390931
-0.388996 -0.394692
-0.396709 -0.390137
-0.387736 -0.395383
-0.38043 -0.384148
-0.374261 -0.381991
-0.366833 -0.371231
-0.360726 -0.367495
-0.35907 -0.362895
-0.329194 -0.3368
-0.329194 -0.333892
-0.328198 -0.331426
-0.322101 -0.322972
-0.318931 -0.323599
-0.314419 -0.313853
-0.300447 -0.298692
-0.287257 -0.294055
-0.290112 -0.289223
-0.286657 -0.290162
-0.262208 -0.270293
-0.255938 -0.261197
-0.251772 -0.257763
-0.310243 -0.25387
-0.300142 -0.303831
-0.297103 -0.30099
-0.282623 -0.29132
-0.253103 -0.260815
-0.246061 -0.251657
-0.241163 -0.248819
-0.219803 -0.229554
-0.214174 -0.226533
-0.20953 -0.217113
-0.197376 -0.207784
-0.189379 -0.189084
-0.182855 -0.191457
-0.181788 -0.189067
-0.17497 -0.186912
-0.191543 -0.179627
-0.170834 -0.184682
-0.170834 -0.188269
-0.186818 -0.198874
-0.172612 -0.189279
-0.244516 -0.247443
-0.261781 -0.239332
-0.278772 -0.286046
-0.304135 -0.310904
-0.304135 -0.311507
-0.414796 -0.424851
-0.443219 -0.416237
-0.439256 -0.439542
-0.4659 -0.442641
-0.455321 -0.465672
-0.474639 -0.458195
-0.471763 -0.472091
-0.465727 -0.472783
-0.473379 -0.475894
-0.472413 -0.475388
-0.466225 -0.469903
-0.466225 -0.469903
-0.464132 -0.466603
-0.452192 -0.451421
-0.429734 -0.436088
-0.429734 -0.436088
-0.416453 -0.417738
-0.40058 -0.400151
-0.383752 -0.387024
-0.368439 -0.375022
-0.365329 -0.366477
-0.350148 -0.355915
-0.34716 -0.349436
-0.317163 -0.330166
-0.315994 -0.320163
-0.30067 -0.302596
-0.253215 -0.25687
-0.280337 -0.282267
-0.276119 -0.280142
-0.264606 -0.261804
-0.238653 -0.245254
-0.23845 -0.24998
-0.246203 -0.248754
-0.264159 -0.247666
-0.337679 -0.309588
-0.348146 -0.357853
-0.348146 -0.358034
-0.344294 -0.351572
-0.369272 -0.367937
-0.374302 -0.36815
-0.398731 -0.397288
-0.395662 -0.40025
-0.409086 -0.404597
-0.422845 -0.423359
-0.410711 -0.411855
-0.391973 -0.389853
-0.380023 -0.380895
-0.338919 -0.351449
-0.338269 -0.338437
-0.327263 -0.330304
-0.326654 -0.322349
-0.315374 -0.318645
-0.302967 -0.304556
-0.2711 -0.27368
-0.2711 -0.273527
-0.264627 -0.267767
-0.2636 -0.265876
-0.257483 -0.26082
-0.25293 -0.25619
-0.183312 -0.18584
-0.176514 -0.181351
-0.161079 -0.160777
-0.158945 -0.141527
-0.138398 -0.151204
-0.147279 -0.167591
-0.170356 -0.177811
-0.188891 -0.189502
-0.188891 -0.189502
-0.216226 -0.189993
-0.280062 -0.28929
-0.349528 -0.339936
-0.37105 -0.369315
-0.363714 -0.373518
-0.407226 -0.404806
-0.421625 -0.420405
-0.433504 -0.414377
-0.438128 -0.436145
-0.435974 -0.438114
-0.433443 -0.435802
-0.433707 -0.433771
-0.391963 -0.403034
-0.292459 -0.296283
-0.289838 -0.291194
-0.27677 -0.278224
-0.272421 -0.274496
-0.268935 -0.270878
-0.249181 -0.252482
-0.246407 -0.248969
-0.221927 -0.244381
-0.211979 -0.217267
-0.206156 -0.214767
-0.197945 -0.204293
-0.183394 -0.189357
-0.175447 -0.183443
-0.171322 -0.17702
-0.171322 -0.177774
-0.154169 -0.171195
-0.140054 -0.147977
-0.130431 -0.13954
-0.139211 -0.1423
-0.162643 -0.131867
-0.136203 -0.157371
-0.176331 -0.160347
-0.176331 -0.151112
-0.196004 -0.168919
-0.18253 -0.195044
-0.17561 -0.188204
-0.168568 -0.182646
-0.203168 -0.206338
-0.269331 -0.235233
-0.269331 -0.235105
-0.293699 -0.297369
-0.317254 -0.337962
-0.408445 -0.419835
-0.434022 -0.443034
-0.450383 -0.443951
-0.444103 -0.451085
-0.428616 -0.435105
-0.425161 -0.428065
-0.420558 -0.427401
-0.394158 -0.398626
-0.377909 -0.382815
-0.372829 -0.369645
-0.360777 -0.36818
-0.360777 -0.367033
-0.293242 -0.302371
-0.277603 -0.283628
-0.250024 -0.24996
-0.24724 -0.250534
-0.240767 -0.239352
-0.234578 -0.236177
-0.256944 -0.260438
-0.245421 -0.249173
-0.237413 -0.243748
-0.232068 -0.231774
-0.214793 -0.225192
-0.204825 -0.213679
-0.207843 -0.213818
-0.191645 -0.206784
-0.204632 -0.196364
-0.193342 -0.204476
-0.189359 -0.201485
-0.22083 -0.206537
-0.240411 -0.213719
-0.261842 -0.234424
-0.261842 -0.22759
-0.27802 -0.291779
-0.341469 -0.273813
-0.364293 -0.372368
-0.406179 -0.374251
-0.415101 -0.427385
-0.43576 -0.446977
-0.487422 -0.471846
-0.486965 -0.477903
-0.483947 -0.486322
-0.485949 -0.488334
-0.480289 -0.478836
-0.469152 -0.482067
-0.457699 -0.451073
-0.455118 -0.458152
-0.435902 -0.439335
-0.435902 -0.439335
-0.413455 -0.419558
-0.365339 -0.367755
-0.365339 -0.374023
-0.343918 -0.35115
-0.338553 -0.337865
-0.330475 -0.334026
-0.324794 -0.327548
-0.309765 -0.311385
-0.296443 -0.300414
-0.290071 -0.293006
-0.283609 -0.287645
-0.281261 -0.284788
-0.281058 -0.280755
-0.266781 -0.273026
-0.316004 -0.305373
-0.314683 -0.316045
-0.31258 -0.316047
-0.308698 -0.313105
-0.308698 -0.311287
-0.305924 -0.309653
-0.30441 -0.307796
-0.304918 -0.303865
-0.303089 -0.30527
-0.291606 -0.298515
-0.277867 -0.285436
-0.26988 -0.273026
-0.248347 -0.255846
-0.252646 -0.25164
-0.252646 -0.254292
-0.24408 -0.252923
-0.262554 -0.261144
-0.253916 -0.260504
-0.265318 -0.273337
-0.292673 -0.270188
-0.288527 -0.288193
-0.297449 -0.300559
-0.320516 -0.299176
-0.307855 -0.319122
-0.335921 -0.312176
-0.383031 -0.361825
-0.388518 -0.387096
-0.405478 -0.383945
-0.402968 -0.401091
-0.407511 -0.405291
-0.415223 -0.407505
-0.409827 -0.412475
-0.410711 -0.409878
-0.386191 -0.393382
-0.385724 -0.387376
-0.375969 -0.378763
-0.375755 -0.377575
-0.375105 -0.374276
-0.363907 -0.364041
-0.363663 -0.362985
-0.351773 -0.354318
-0.332517 -0.328216
-0.321746 -0.324794
-0.301656 -0.304708
-0.293008 -0.296172
-0.292886 -0.294181
-0.28497 -0.286455
-0.277562 -0.280715
-0.271465 -0.274416
-0.260176 -0.265468
-0.228176 -0.235505
-0.184532 -0.192623
-0.169716 -0.179745
-0.158569 -0.165527
-0.158782 -0.151758
-0.158437 -0.160373
-0.148285 -0.158327
-0.137879 -0.160983
-0.179065 -0.160631
-0.178323 -0.185859
-0.265114 -0.256911
-0.255329 -0.268187
-0.290437 -0.261572
-0.307052 -0.309917
-0.302448 -0.312378
-0.377594 -0.355589
-0.388457 -0.389054
-0.420009 -0.405993
-0.418953 -0.419933
-0.405407 -0.406875
-0.395276 -0.39419
-0.394067 -0.396665
-0.391374 -0.392446
-0.385012 -0.384056
-0.382594 -0.385406
-0.353897 -0.361662
-0.351814 -0.352786
-0.340403 -0.341639
-0.331978 -0.339085
-0.319876 -0.32884
-0.319876 -0.32884
-0.309176 -0.315839
-0.306157 -0.301607
-0.295813 -0.298931
-0.276729 -0.278666
-0.268691 -0.270824
-0.266923 -0.268595
-0.223533 -0.258237
-0.216907 -0.231001
-0.177561 -0.183069
-0.147543 -0.154166
-0.142594 -0.149397
-0.14735 -0.150685
-0.13417 -0.140451
-0.122911 -0.129756
-0.130593 -0.123863
-0.105514 -0.12327
-0.127372 -0.123302
-0.113837 -0.123006
-0.270886 -0.236707
-0.270886 -0.227822
-0.346083 -0.349312
-0.340545 -0.354681
-0.36849 -0.377464
-0.36849 -0.377257
-0.449296 -0.450485
-0.445932 -0.453694
-0.43891 -0.447106
-0.447405 -0.44418
-0.440871 -0.448128
-0.441278 -0.435146
-0.438514 -0.442412
-0.418455 -0.423187
-0.41313 -0.413808
-0.398284 -0.406896
-0.393863 -0.400677
-0.389097 -0.385593
-0.363896 -0.3688
-0.361691 -0.365398
-0.351215 -0.362225
-0.347028 -0.350526
-0.317894 -0.323653
-0.262665 -0.270132
-0.244852 -0.249552
-0.238369 -0.245676
-0.241153 -0.243705
-0.275693 -0.225425
-0.226408 -0.232032
-0.226561 -0.227339
-0.213178 -0.210595
-0.207375 -0.212697
-0.216999 -0.206616
-0.198596 -0.211955
-0.261893 -0.225673
-0.266994 -0.249615
-0.254668 -0.273296
-0.281515 -0.290671
-0.275418 -0.2911
-0.310395 -0.287857
-0.310395 -0.283206
-0.332172 -0.304912
-0.426899 -0.405315
-0.46468 -0.453138
-0.461185 -0.460268
-0.467282 -0.47254
-0.478765 -0.479697
-0.47597 -0.480944
-0.473074 -0.477533
-0.480248 -0.470106
-0.475198 -0.479363
-0.480116 -0.47598
-0.473602 -0.477277
-0.471245 -0.473685
-0.454468 -0.457284
-0.406565 -0.410141
-0.403131 -0.403934
-0.401271 -0.395086
-0.389097 -0.401293
-0.385592 -0.390557
-0.367799 -0.362607
-0.328899 -0.331417
-0.327111 -0.328952
-0.317386 -0.321812
-0.303373 -0.308091
-0.288872 -0.299154
-0.286982 -0.291668
-0.249831 -0.257059
-0.247392 -0.251893
-0.24473 -0.246024
-0.2397 -0.245874
-0.2397 -0.245964
-0.294339 -0.284827
-0.292795 -0.294607
-0.282714 -0.287722
-0.279666 -0.282422
-0.269392 -0.274742
-0.267269 -0.274264
-0.250105 -0.257375
-0.244395 -0.249107
-0.234385 -0.243768
-0.233806 -0.237837
-0.220393 -0.226525
-0.285875 -0.290197
-0.276943 -0.292375
-0.304776 -0.303494
-0.354476 -0.341595
-0.338553 -0.347573
-0.381578 -0.359993
-0.378042 -0.377526
-0.42193 -0.376662
-0.434663 -0.412179
-0.425944 -0.430065
-0.435974 -0.437082
-0.43324 -0.432843
-0.430446 -0.432396
-0.428047 -0.426777
0.425609 0.254971
0.431929 0.423007
0.384047 0.375621
0.384962 0.341249
0.17625 0.193352
-0.0182047 0.0732245
-0.0217207 -0.0467849
-0.577282 -0.502917
-0.577079 -0.588754
-0.576947 -0.588686
-0.637602 -0.628806
-0.637399 -0.643249
-0.67324 -0.672075
-0.672223 -0.669493
-0.555638 -0.634231
-0.222984 -0.230859
0.0450418 0.0400968
0.147889 0.066328
0.160611 0.132606
0.238867 0.229133
0.35908 0.352847
0.341083 0.331111
0.349172 0.33891
0.170885 0.199537
0.062957 0.0288394
0.0818578 0.0584708
-0.0691963 0.0825481
-0.0176966 -0.0414326
-0.147147 -0.0333061
-0.147147 -0.0184099
-0.0923853 -0.156783
-0.262127 -0.298866
-0.459478 -0.425038
-0.459478 -0.422973
-0.42693 -0.446224
-0.393904 -0.384629
-0.219214 -0.227524
-0.214041 -0.221851
-0.186402 -0.199115
-0.146923 -0.175961
-0.123876 -0.135666
-0.123876 -0.135666
-0.135115 -0.119421
-0.0782097 -0.0942172
-0.0523278 -0.0688388
-0.0704055 -0.0491818
-0.0368617 -0.056592
-0.0124125 -0.0339365
-0.00817511 -0.0250669
0.0252671 0.000756069
-0.0727021 0.0196974
-0.0434769 -0.0598538
-0.0783825 -0.0154961
-0.0343822 -0.0665199
-0.0866236 -0.0381557
-0.0435379 -0.0751367
-0.108705 -0.0517011
-0.0698669 -0.0765256
-0.179451 -0.173146
-0.156933 -0.170037
-0.160936 -0.166601
-0.171189 -0.143847
-0.118562 -0.139537
-0.0529578 -0.0497951
0.000340418 -0.0214849
0.149413 0.122094
0.155154 0.11702
0.216541 0.188931
0.185782 0.173477
0.193129 0.19951
0.160957 0.168333
0.161302 0.167412
0.144434 0.159102
0.132605 0.139881
0.116499 0.134418
0.155652 0.152418
0.251721 0.236345
0.251721 0.236317
0.307428 0.304979
0.459254 0.406872
0.274372 0.400979
0.208727 0.218455
0.14234 0.228787
0.148376 0.164747
0.148376 0.164747
0.0972629 0.110666
0.102913 0.105463
0.0532728 0.0704762
0.0746734 0.0585225
0.231408 0.103636
0.347658 0.249418
0.368357 0.357656
0.37918 0.367891
0.530793 0.513533
0.49295 0.480571
0.406931 0.380317
0.372361 0.365409
0.336958 0.345449
0.336714 0.321735
0.314541 0.305694
0.314206 0.301512
0.242819 0.241598
0.22966 0.214754
0.228674 0.213831
0.229538 0.213081
0.229121 0.21379
0.147035 0.152322
-0.0134186 -0.000833446
-0.07069 -0.0143214
-0.0689727 -0.059218
-0.0858107 -0.0481936
-0.0858107 -0.0681774
-0.0851908 -0.0743107
-0.0848961 -0.0708663
-0.00725039 -0.016757
-0.00786009 -0.00849894
0.0410686 -0.00291366
0.0404691 0.0502466
-0.0452552 0.0464946
-0.0647353 -0.0570845
-0.0668895 -0.0508472
-0.0699584 -0.0683821
-0.0699584 -0.0678141
-0.0540146 -0.0680881
-0.0193936 -0.0181644
0.00371411 0.00177272
0.0337522 0.00623919
0.0575001 0.0353586
0.0532728 0.0594482
0.0532728 0.0577799
0.0158574 0.0577805
0.0122093 0.0142981
0.012443 0.0184229
-0.0554678 -0.0519545
-0.352973 -0.346056
-0.353938 -0.348645
-0.355665 -0.352181
-0.363622 -0.360215
-0.362738 -0.363074
-0.36158 -0.361605
-0.360828 -0.362531
-0.322792 -0.330186
-0.296341 -0.318611
-0.252036 -0.265182
-0.252036 -0.265385
-0.194795 -0.222313
-0.178801 -0.202549
-0.170356 -0.184802
-0.149657 -0.174638
-0.130045 -0.144348
-0.0941839 -0.109761
-0.0270658 -0.0335951
-0.0459869 -0.0264098
-0.0462816 -0.0472681
-0.0890218 -0.095944
-0.098838 -0.104554
-0.109721 -0.115197
-0.101307 -0.113523
-0.108197 -0.103995
-0.102954 -0.111742
-0.100474 -0.0774251
-0.0570835 -0.0935572
-0.119334 -0.074706
-0.100952 -0.110297
-0.134048 -0.0718046
-0.0879243 -0.148917
-0.0879243 -0.147216
-0.158975 -0.109184
-0.144139 -0.151786
-0.222435 -0.199495
-0.244486 -0.250467
-0.243947 -0.251511
-0.162156 -0.191085
-0.162745 -0.173071
-0.117566 -0.128694
0.132189 0.12188
0.14231 0.122248
0.132677 0.217231
0.0632212 0.179655
0.128348 0.104355
0.0296976 0.00822658
-0.0348191 0.0328019
-0.0784028 -0.097756
-0.181656 -0.115174
-0.159554 -0.172945
-0.194165 -0.207475
-0.18439 -0.198485
-0.19507 -0.177285
-0.186087 -0.192169
-0.181178 -0.189396
-0.149982 -0.166247
-0.138337 -0.152637
-0.0853636 -0.0780595
-0.0364552 -0.0646011
-0.0223609 -0.0369305
-0.016528 -0.0069452
-0.00267761 -0.0138796
-0.0188652 -0.00439142
-0.00587856 -0.0132436
0.0228791 -0.00681655
-0.0117012 0.0198826
0.0016716 -0.00503989
0.0159996 1.05768e-06
0.104031 0.092334
0.124344 0.173725
0.328046 0.247917
0.272715 0.24245
0.269291 0.25813
0.259871 0.262915
0.266872 0.266988
0.266435 0.259422
0.373174 0.293062
0.230788 0.401019
0.137117 0.124773
-0.0188754 0.00149101
-0.018723 -0.0156059
-0.0186112 -0.019979
-0.00844947 -0.00931669
0.113928 0.0518845
0.369363 0.246969
0.424623 0.389287
0.496781 0.424196
0.496781 0.414446
0.489942 0.476667
0.474669 0.471225
0.399859 0.387372
0.370014 0.363083
0.313311 0.306144
0.312935 0.291555
0.287104 0.279388
0.265053 0.251805
0.253195 0.239245
0.24661 0.238703
0.24661 0.238647
0.159016 0.170568
0.0700498 0.166628
0.00371411 0.0829175
0.00885594 0.0154393
-0.0752628 -0.0736953
-0.0573579 -0.0560622
-0.0572257 -0.0550354
-0.0287323 -0.0379666
-0.074958 -0.0484799
-0.074958 -0.06243
-0.0629062 -0.0729409
-0.0870606 -0.0897975
-0.111032 -0.108823
-0.0941636 -0.0967032
-0.0717367 -0.0711457
-0.00230163 -0.0316994
0.0326547 0.00348447
0.0316182 0.0353625
0.0716554 0.0765489
0.101053 0.107354
0.128216 0.128916
0.128216 0.130444
0.111693 0.11958
0.0971308 0.108462
0.00260648 0.0269169
-0.046688 -0.0362759
-0.105108 -0.118564
-0.165844 -0.164531
-0.329601 -0.318594
-0.403263 -0.410033
-0.42195 -0.433306
-0.42195 -0.429381
-0.421097 -0.424353
-0.387594 -0.407568
-0.297185 -0.312537
-0.24222 -0.256324
-0.197092 -0.205353
-0.148011 -0.159935
-0.119781 -0.114316
-0.107059 -0.11205
-0.110697 -0.111032
-0.0877211 -0.0975794
-0.076909 -0.0915997
-0.138702 -0.102644
-0.0890726 -0.101953
-0.14419 -0.0925083
-0.191401 -0.189599
-0.18319 -0.194716
-0.159483 -0.171774
-0.160946 -0.152392
-0.117139 -0.126033
-0.11784 -0.115867
-0.0915216 -0.0872107
-0.0129714 -0.0441569
-0.0131747 -0.0186259
-0.000716402 -0.00903087
0.0724378 0.0608478
0.0736674 0.085342
0.0961858 0.0794579
0.125472 0.111475
0.178811 0.154902
0.200079 0.180366
0.0340773 0.0611456
-0.0619611 0.0387577
-0.0527546 -0.0075434
-0.0263138 -0.0391784
-0.125167 -0.113378
-0.112475 -0.123678
-0.181869 -0.194353
-0.198443 -0.174469
-0.189277 -0.193968
-0.183069 -0.197645
-0.191289 -0.185849
-0.165275 -0.186215
-0.155439 -0.169561
-0.164473 -0.152257
-0.102893 -0.125616
-0.105463 -0.113604
-0.07257 -0.0884443
-0.0762078 -0.0699398
-0.0646235 -0.0757342
0.0192311 -0.0126051
0.0243221 0.012797
0.00792106 0.0413994
0.167775 0.137894
0.143336 0.112096
0.148895 0.229392
0.238358 0.20559
0.23911 0.251199
0.229142 0.21632
0.241072 0.252367
0.252565 0.249135
0.252565 0.240427
0.252819 0.379017
0.272847 0.281496
0.282064 0.271897
0.024759 -0.00598622
0.0266491 0.0188142
0.478317 0.467047
0.474283 0.464877
0.463878 0.460403
0.44834 0.434488
0.419908 0.415969
0.375064 0.364615
0.35028 0.359853
0.349822 0.329695
0.3264 0.31856
0.326227 0.308827
0.314744 0.312906
0.298617 0.29723
0.275886 0.268302
0.275723 0.263104
0.275561 0.26241
0.275398 0.262949
0.153112 0.256105
0.158294 0.153323
0.0715436 0.158057
0.0738808 0.0909043
0.0105936 0.0762996
0.012067 0.0260308
0.01351 0.0122467
0.0161216 0.024359
-0.0549495 -0.052158
-0.0549495 -0.052158
-0.0337217 -0.0280095
0.0576627 0.0214861
0.0137132 0.0629595
-0.030917 -0.0254991
-0.0588821 -0.0555657
0.0101058 0.00777823
0.00972985 0.0126463
0.0421356 0.0465533
0.041597 0.0454161
0.079043 0.0797738
0.0162943 0.0469528
-0.045306 -0.0360619
-0.160957 -0.106676
-0.167714 -0.150761
-0.171098 -0.194321
-0.353003 -0.349109
-0.378976 -0.37687
-0.392613 -0.390993
-0.392613 -0.395868
-0.391374 -0.394052
-0.389728 -0.390536
-0.388955 -0.392274
-0.373032 -0.376194
-0.282074 -0.296111
-0.282074 -0.296036
-0.250268 -0.28758
-0.148163 -0.168754
-0.119222 -0.131694
-0.081309 -0.0985921
-0.0399711 -0.0751698
-0.049452 -0.0509682
-0.0775797 -0.0800392
-0.0981165 -0.0909139
-0.0926902 -0.0985429
-0.0896925 -0.0968142
-0.084073 -0.0972439
-0.0466982 -0.065521
-0.0531102 -0.0378257
-0.0703039 -0.0178682
-0.0700702 -0.10094
-0.0497467 -0.0890621
-0.132636 -0.110464
-0.125187 -0.133416
-0.216358 -0.223711
-0.222831 -0.217856
-0.139647 -0.170293
-0.0491269 -0.098935
-0.0502955 -0.0593624
0.147523 0.132618
0.172358 0.146951
0.0943872 0.171535
0.0559759 0.0328638
-0.0132966 0.0793244
0.0254196 0.0127446
-0.0281632 0.0497028
0.00957742 -0.00774532
0.0294436 0.0132882
-0.06566 -0.0742163
-0.118592 -0.115632
-0.0876499 -0.118854
-0.0713099 -0.0887279
-0.118643 -0.113278
-0.10208 -0.113124
-0.15989 -0.102814
-0.134059 -0.146327
-0.176118 -0.133341
-0.192732 -0.16431
-0.164046 -0.187685
-0.149484 -0.128638
-0.117678 -0.131169
-0.0781894 -0.0950246
-0.00704716 -0.0345606
0.217517 0.1886
0.176301 0.254922
0.223746 0.280917
0.238775 0.256918
0.268041 0.269116
0.217517 0.235644
0.174888 0.182825
0.140308 0.169438
0.104742 0.146937
0.104874 0.115199
0.113064 0.095661
0.131904 0.133628
0.160692 0.143342
0.191198 0.185903
0.190253 0.189499
0.215779 0.208752
0.190222 0.208712
0.190273 0.189601
0.189379 0.184525
0.187448 0.180692
0.167643 0.164561
0.114548 0.113797
0.0770818 0.0905491
-0.0198814 0.0114855
-0.159117 -0.180608
-0.399503 -0.421771
-0.50611 -0.418911
-0.642897 -0.6455
-0.642368 -0.634726
-0.679296 -0.642611
-0.685454 -0.671804
-0.685454 -0.647036
-0.544003 -0.591577
-0.469761 -0.536471
-0.377564 -0.465345
-0.213655 -0.21133
-0.213655 -0.233003
0.00890675 0.0313484
0.00938435 0.0150165
-0.0683224 -0.0602711
-0.117749 -0.109308
-0.162196 -0.163897
-0.162196 -0.165611
-0.208138 -0.211359
-0.325892 -0.30482
-0.376436 -0.371905
-0.379525 -0.377152
-0.371243 -0.376429
-0.37106 -0.370464
-0.354456 -0.356378
-0.34844 -0.349277
-0.38423 -0.373953
-0.384017 -0.381859
-0.405874 -0.402645
-0.405712 -0.404784
-0.413628 -0.412192
-0.413486 -0.412128
-0.423241 -0.411837
-0.42317 -0.419242
-0.43826 -0.435207
-0.43826 -0.434225
-0.443574 -0.440006
-0.445312 -0.438559
-0.44454 -0.440983
-0.428373 -0.430777
-0.428373 -0.436627
-0.409025 -0.420995
-0.408994 -0.410144
-0.408913 -0.405654
-0.366894 -0.364727
-0.348908 -0.365015
-0.348827 -0.351342
-0.348664 -0.347755
-0.348664 -0.347755
-0.348583 -0.347326
-0.333015 -0.332847
-0.331938 -0.331411
-0.331602 -0.33081
-0.33208 -0.331038
-0.331856 -0.331134
-0.348166 -0.343322
-0.347841 -0.346478
-0.353186 -0.350291
-0.364222 -0.360917
-0.36413 -0.362175
-0.369292 -0.366848
-0.374068 -0.368767
-0.380775 -0.374659
-0.380704 -0.377433
-0.385632 -0.381888
-0.387096 -0.383934
-0.388467 -0.384174
-0.388406 -0.385235
-0.388437 -0.385673
-0.388376 -0.385616
-0.388376 -0.385624
-0.38801 -0.38535
-0.387898 -0.38516
-0.388325 -0.385703
-0.389138 -0.386341
-0.389016 -0.386651
-0.389799 -0.387015
-0.389677 -0.387132
-0.389616 -0.38708
-0.394239 -0.39202
-0.396099 -0.391532
-0.395977 -0.392908
-0.395977 -0.392908
-0.395916 -0.393252
-0.3993 -0.395122
-0.401769 -0.398277
-0.401708 -0.398634
-0.401607 -0.398806
-0.401546 -0.399141
-0.404086 -0.401275
-0.405326 -0.402425
-0.406047 -0.403206