Linear regression parameters:
Intercept: 0.00443861
Slope: 0.9745
Correlation: 0.98977
Target-output data:
submatrix_0
0.168748 0.478182
0.168776 0.187047
0.168378 0.18668
0.166907 0.185327
0.166258 0.184688
0.166283 0.183798
0.165373 0.183519
0.165386 0.182831
0.165398 0.1829
0.164376 0.181544
0.162984 0.181622
0.161595 0.180337
0.15933 0.178183
0.159353 0.177962
0.159018 0.177806
0.158403 0.177353
0.158336 0.177009
0.157878 0.176423
0.157505 0.175872
0.157784 0.176039
0.157785 0.176039
0.157821 0.175908
0.157821 0.17602
0.157928 0.175902
0.157742 0.175709
0.157717 0.175691
0.1575 0.175215
0.157008 0.174987
0.156396 0.174156
0.155512 0.173456
0.1555 0.173174
0.154912 0.173054
0.153774 0.171972
0.153669 0.171848
0.153662 0.17192
0.15365 0.171872
0.153515 0.171681
0.153513 0.171959
0.153505 0.171929
0.153739 0.171929
0.153363 0.171602
0.153175 0.171476
0.153762 0.171945
0.155521 0.173696
0.155495 0.174007
0.155486 0.174007
0.156021 0.174801
0.156013 0.174801
0.15813 0.176249
0.160067 0.178427
0.161989 0.179387
0.161967 0.17941
0.161688 0.178947
0.161314 0.178501
0.160833 0.178224
0.160358 0.177867
0.159899 0.177608
0.15954 0.177723
0.159582 0.177735
0.159658 0.17785
0.159627 0.177825
0.159568 0.177801
0.15972 0.178108
0.16033 0.178558
0.160321 0.178647
0.160534 0.178786
0.160532 0.1788
0.160529 0.178855
0.160605 0.178995
0.161894 0.180105
0.161595 0.179903
0.161498 0.179856
0.161569 0.179924
0.161665 0.180043
0.162629 0.180977
0.162629 0.180978
0.163192 0.182116
0.163848 0.182081
0.165581 0.18367
0.165587 0.183619
0.168177 0.185902
0.168139 0.18588
0.167594 0.185785
0.16608 0.18388
0.166085 0.183125
0.16609 0.183236
0.165078 0.182093
0.163757 0.181667
0.162146 0.180684
0.156239 0.175569
0.154644 0.17415
0.153347 0.172971
0.153345 0.172971
0.151292 0.171088
0.151289 0.171088
0.149965 0.169784
0.14996 0.169659
0.150154 0.169889
0.150538 0.170216
0.150524 0.169951
0.150524 0.170368
0.150987 0.170415
0.150971 0.170375
0.151181 0.170574
0.152689 0.171886
0.154327 0.173404
0.154311 0.173325
0.154794 0.17339
0.154778 0.173725
0.15574 0.174654
0.155707 0.174584
0.155599 0.174555
0.155582 0.17455
0.155574 0.174563
0.15517 0.174326
0.155154 0.174283
0.154615 0.1738
0.154589 0.173619
0.153607 0.172559
0.151707 0.171106
0.151259 0.171002
0.151237 0.170828
0.150875 0.170766
0.150803 0.170766
0.151063 0.171211
0.151608 0.171561
0.152483 0.173483
0.153716 0.173483
0.153686 0.173871
0.156663 0.179022
0.159724 0.178837
0.15971 0.179361
0.163156 0.181922
0.16477 0.183392
0.164763 0.183392
0.16635 0.183982
0.167702 0.186636
0.168326 0.187566
0.170394 0.188585
0.170398 0.1886
0.171581 0.189736
0.172437 0.190547
0.173179 0.191231
0.173802 0.191824
0.173809 0.191881
0.174725 0.192854
0.175079 0.193198
0.174903 0.193028
0.174313 0.192463
0.170213 0.189224
0.170237 0.189224
0.168488 0.187715
0.1685 0.187715
0.166732 0.18494
0.165237 0.18494
0.165248 0.184568
0.165259 0.18332
0.163599 0.183089
0.163609 0.181868
0.161948 0.180648
0.160376 0.179472
0.159079 0.178361
0.157395 0.177972
0.157402 0.177564
0.155411 0.176973
0.154029 0.174728
0.154033 0.174728
0.153349 0.174065
0.153078 0.173802
0.152499 0.173247
0.152501 0.173234
0.152504 0.173234
0.149836 0.17077
0.148792 0.169558
0.147743 0.16816
0.14698 0.167829
0.146401 0.167083
0.146428 0.167215
0.146831 0.167553
0.147466 0.168087
0.147458 0.168087
0.151062 0.171164
0.154006 0.173682
0.155297 0.173955
0.15529 0.174958
0.155283 0.174795
0.156564 0.175923
0.158672 0.177805
0.16087 0.179825
0.160866 0.180238
0.162086 0.18119
0.165295 0.18433
0.16681 0.185346
0.167246 0.18577
0.167321 0.186119
0.167729 0.186244
0.169202 0.187726
0.168708 0.187387
0.168132 0.186776
0.165599 0.184728
0.165605 0.184402
0.162567 0.181929
0.161273 0.181005
0.158638 0.178693
0.158642 0.178693
0.158646 0.175193
0.148759 0.169201
0.118046 0.141684
0.117995 0.126508
0.0749302 0.098646
0.0747653 0.101284
0.0222387 0.0505699
-0.47302 -0.411869
-0.561092 -0.520725
-0.563633 -0.518099
-0.520178 -0.48076
-0.521631 -0.480031
-0.476014 -0.436913
-0.425114 -0.389735
-0.425837 -0.389659
-0.370268 -0.358728
-0.262257 -0.232349
-0.161228 -0.135038
-0.110925 -0.0786505
-0.0680142 -0.0425277
-0.0110254 0.0203663
0.0178035 0.0470876
0.0172566 0.0470876
0.0167081 0.0470876
0.109225 0.149084
0.127897 0.160073
0.127494 0.167723
0.143129 0.187388
0.16016 0.206272
0.178716 0.226637
0.21424 0.2676
0.213595 0.2676
0.217761 0.273334
0.21204 0.266851
0.211746 0.273241
0.211016 0.270952
0.209518 0.276801
0.238594 0.307286
0.275275 0.33899
0.33069 0.385664
0.330791 0.385412
0.330893 0.385412
0.358571 0.408629
0.358833 0.408283
0.385773 0.430984
0.385933 0.430907
0.411494 0.440025
0.436395 0.473901
0.457197 0.491803
0.445353 0.478411
0.429753 0.464653
0.418681 0.454521
0.362194 0.408315
0.362584 0.408315
0.352582 0.408327
0.352974 0.401059
0.34591 0.401132
0.34177 0.390917
0.330824 0.379935
0.327809 0.376766
0.319895 0.367975
0.318836 0.363455
0.319233 0.362571
0.314682 0.359869
0.310964 0.355695
0.311355 0.355673
0.311745 0.355673
0.27004 0.315853
0.213198 0.276476
0.214112 0.267705
0.148654 0.210311
0.149157 0.21013
0.149408 0.21013
0.130543 0.192688
0.130776 0.192688
0.111113 0.18509
0.111967 0.165556
0.0913792 0.144356
0.0543282 0.117851
0.0246417 0.0851379
0.016147 0.0791911
0.0109509 0.0683768
0.0110238 0.0642912
0.00917081 0.0630061
0.0126835 0.0631854
0.0204665 0.0692779
0.0204792 0.0692779
0.0293686 0.0763422
0.050359 0.0935123
0.0626295 0.103925
0.08741 0.125001
0.0874005 0.125001
0.111041 0.146752
0.120955 0.153446
0.138002 0.168882
0.13799 0.167825
0.154283 0.181626
0.154925 0.18215
0.154789 0.181935
0.153958 0.181335
0.153773 0.181444
0.15377 0.181152
0.15465 0.182299
0.157013 0.184416
0.1608 0.187803
0.17605 0.201008
0.183333 0.207357
0.192 0.214853
0.192025 0.214853
0.224089 0.245982
0.237361 0.253615
0.265514 0.276095
0.279672 0.287751
0.279858 0.293422
0.300802 0.305751
0.32409 0.32295
0.342831 0.337577
0.358533 0.350057
0.35906 0.349907
0.365377 0.354726
0.365779 0.355357
0.36598 0.355357
0.36869 0.359202
0.368788 0.357413
0.369006 0.357413
0.364661 0.353866
0.362391 0.351668
0.359491 0.349453
0.359721 0.349453
0.309062 0.30933
0.309296 0.309948
0.289656 0.293356
0.266394 0.27405
0.248494 0.260208
0.230385 0.241589
0.231062 0.241594
0.231253 0.241108
0.231838 0.24156
0.260067 0.260675
0.268008 0.266356
0.276093 0.271877
0.27648 0.273224
0.284115 0.277226
0.303866 0.290513
0.309181 0.293911
0.313157 0.296412
0.313367 0.296412
0.31534 0.298904
0.319303 0.299334
0.315952 0.295444
0.302561 0.283846
0.295944 0.2824
0.296356 0.278209
0.282473 0.265782
0.275556 0.256644
0.262521 0.24818
0.243707 0.230478
0.244046 0.230557
0.230973 0.218603
0.22938 0.215233
0.229823 0.215099
0.229961 0.214224
0.231971 0.214091
0.238146 0.21794
0.249128 0.225477
0.25281 0.227835
0.256453 0.230289
0.285951 0.250131
0.288194 0.250994
0.28707 0.249081
0.287204 0.248053
0.283604 0.24393
0.27738 0.240033
0.277637 0.240339
0.269542 0.23298
0.269665 0.233358
0.26991 0.233358
0.236131 0.203431
0.223411 0.191452
0.2235 0.191984
0.209497 0.179046
0.194466 0.15899
0.178134 0.149625
0.163909 0.136408
0.149973 0.122952
0.122998 0.0965178
0.0896894 0.06266
0.0850323 0.0568077
0.0849847 0.0542615
0.0830461 0.0550468
0.0829335 0.0540375
0.0874147 0.0586978
0.103548 0.0752231
0.135437 0.101271
0.157991 0.121473
0.168278 0.129013
0.168207 0.131247
0.177502 0.137394
0.185687 0.139453
0.198722 0.15678
0.198602 0.15678
0.20277 0.160426
0.196445 0.156043
0.186778 0.153652
0.186716 0.146465
0.186528 0.147701
0.174573 0.137389
0.167919 0.131674
0.137644 0.104391
0.131167 0.0985446
0.124621 0.0924654
0.124521 0.0924654
0.118699 0.0897878
0.118487 0.0867906
0.111536 0.0815363
0.111193 0.0803423
0.11005 0.0796405
0.112985 0.0825837
0.121069 0.0914692
0.120948 0.0898113
0.126321 0.095119
0.126201 0.095119
0.133512 0.102164
0.194016 0.152313
0.20648 0.17148
0.206226 0.170171
0.206142 0.175561
0.221592 0.185515
0.267159 0.225795
0.280189 0.23753
0.293533 0.242644
0.293505 0.249399
0.305003 0.259529
0.311035 0.26452
0.311041 0.268558
0.328274 0.272759
0.334476 0.285075
0.339198 0.288776
0.344084 0.295812
0.342395 0.296665
0.335552 0.292615
0.335937 0.284248
0.322799 0.278845
0.322899 0.280037
0.316477 0.274168
0.316682 0.275243
0.316887 0.275023
0.309624 0.268783
0.310041 0.269194
0.302081 0.263706
0.286826 0.256605
0.28693 0.250614
0.280714 0.246327
0.275384 0.240912
0.270545 0.23759
0.266302 0.233919
0.25787 0.225012
0.261047 0.226939
0.263567 0.22878
0.267707 0.232203
0.27375 0.236535
0.27859 0.239825
0.291521 0.250343
0.291635 0.250021
0.305706 0.2607
0.305829 0.262887
0.323402 0.274282
0.323673 0.274282
0.325762 0.27582
0.326411 0.275971
0.327613 0.276679
0.328041 0.27683
0.328184 0.277482
0.323073 0.276396
0.315412 0.265661
0.315708 0.266051
0.291731 0.244709
0.271957 0.228036
0.265158 0.226074
0.254694 0.211818
0.254925 0.21193
0.25504 0.211559
0.251061 0.207657
0.249204 0.204047
0.249124 0.204215
0.249687 0.204386
0.249787 0.204126
0.253581 0.206021
0.255638 0.207565
0.26367 0.212249
0.263853 0.212249
0.266101 0.214088
0.268845 0.215596
0.268936 0.215596
0.269027 0.215918
0.274422 0.219361
0.274514 0.219361
0.276689 0.221142
0.278992 0.222122
0.279943 0.222906
0.28057 0.223134
0.28075 0.223134
0.268586 0.210874
0.268665 0.211114
0.268745 0.211114
0.252937 0.203074
0.253007 0.203074
0.605017 0.501556
0.575017 0.478475
0.567827 0.46867
0.560629 0.464082
0.444871 0.367526
0.244179 0.144522
0.140311 0.0131913
-0.337765 -0.484681
-0.351804 -0.514017
-0.458242 -0.556424
-0.465216 -0.584043
-0.478993 -0.607814
-0.583482 -0.684186
-0.590063 -0.692645
-0.659895 -0.723244
-0.726266 -0.767313
-0.77775 -0.796691
-0.788211 -0.786608
-0.783575 -0.762819
-0.762323 -0.755577
-0.731479 -0.649729
-0.660751 -0.651312
-0.370357 -0.345549
-0.259966 -0.304826
-0.256863 -0.300434
-0.128736 -0.187568
0.00901229 -0.0593791
0.207894 0.0470853
0.413574 0.245228
0.562133 0.480895
0.668618 0.593821
0.726751 0.664749
0.780772 0.751631
0.796543 0.772369
0.870596 0.829921
0.887051 0.852416
0.902614 0.909659
0.904924 0.819405
0.889824 0.817982
0.898848 0.816381
0.897236 0.815403
0.820125 0.734235
0.828309 0.718002
0.676264 0.634852
0.697584 0.620679
0.704049 0.607333
0.613403 0.561597
0.513003 0.533692
0.279711 0.287257
0.28228 0.255148
0.283846 0.25483
0.137255 0.198914
-0.0241075 0.0281705
-0.0250951 -0.0221661
-0.174748 -0.181522
-0.182215 -0.235041
-0.325735 -0.337736
-0.469818 -0.485907
-0.913764 -0.895361
-0.933835 -0.954335
-0.976618 -0.984678
-0.968973 -0.994865
-0.771525 -0.876809
-0.62801 -0.726647
-0.464801 -0.474448
-0.425068 -0.357964
-0.258565 -0.275115
-0.267808 -0.261188
-0.286324 -0.269764
-0.151166 -0.0909403
-0.0674848 -0.0235951
-0.00447722 0.00326264
0.193017 0.19427
0.184462 0.19129
0.25972 0.212923
0.251309 0.238968
0.226274 0.279418
0.36167 0.321107
0.392085 0.345019
0.48371 0.403114
0.476691 0.422383
0.456108 0.442306
0.5121 0.454555
0.505601 0.456262
0.492885 0.444725
0.537183 0.482057
0.52286 0.480656
0.556869 0.528669
0.579563 0.548937
0.573603 0.556169
0.621606 0.633661
0.665785 0.68857
0.665882 0.68224
0.675007 0.68581
0.660467 0.709196
0.688357 0.691586
0.737611 0.743159
0.78799 0.779847
0.785927 0.792689
0.903072 0.887868
0.918191 0.886644
0.861114 0.846149
0.885417 0.849316
0.838852 0.803744
0.536783 0.505465
-0.0491559 -0.071446
-0.19155 -0.141473
-0.281364 -0.319082
-0.284847 -0.320793
-0.352898 -0.37399
-0.423364 -0.459601
-0.493394 -0.538375
-0.51959 -0.545064
-0.531503 -0.561725
-0.545728 -0.575352
-0.558639 -0.588854
-0.565213 -0.597203
-0.576426 -0.606932
-0.559879 -0.601343
-0.575545 -0.589304
-0.508627 -0.556187
-0.525025 -0.580406
-0.485989 -0.548344
-0.495606 -0.49153
-0.31852 -0.392272
-0.31852 -0.392531
-0.313011 -0.378536
-0.321861 -0.356539
-0.292004 -0.35744
-0.308823 -0.333966
-0.26709 -0.328246
-0.224131 -0.268353
-0.177928 -0.246361
-0.195626 -0.232524
-0.204471 -0.234463
-0.125907 -0.135555
-0.134509 -0.143615
-0.0812692 -0.0798771
0.0219407 0.0181026
0.0790611 0.0440359
0.10354 0.0837529
0.114215 0.111383
0.138943 0.140368
0.13319 0.15952
0.165339 0.168357
0.216925 0.187469
0.247243 0.241136
0.241167 0.236801
0.33991 0.322072
0.391207 0.391012
0.407908 0.396096
0.513946 0.505011
0.496103 0.487228
0.527369 0.529996
0.504182 0.546475
0.540182 0.566388
0.530316 0.519775
0.543828 0.567836
0.589152 0.597994
0.6722 0.668567
0.677856 0.678834
0.750626 0.765314
0.770136 0.795432
0.818904 0.824525
0.832844 0.834611
0.848383 0.846998
0.87333 0.860614
0.902092 0.877052
0.864678 0.868677
0.904529 0.892259
0.897632 0.873267
0.924535 0.897299
0.934989 0.895089
0.90622 0.877362
0.766803 0.746439
0.77485 0.75636
0.782573 0.76187
0.574381 0.567569
0.578763 0.545619
0.440036 0.452853
0.285233 0.319092
0.120062 0.206273
-0.0461203 0.0776865
-0.392468 -0.397178
-0.395079 -0.399125
-0.614057 -0.579827
-0.621978 -0.611423
-0.626153 -0.616082
-0.784269 -0.680686
-0.788933 -0.710039
-0.853508 -0.767774
-0.900184 -0.839455
-0.849811 -0.85773
-0.863964 -0.859115
-0.821501 -0.850458
-0.836178 -0.851638
-0.81407 -0.830838
-0.763141 -0.807973
-0.65532 -0.658422
-0.597331 -0.622641
-0.496786 -0.525728
-0.523047 -0.528289
-0.403069 -0.41065
-0.412013 -0.416101
-0.420978 -0.421472
0.104617 0.112406
0.0959206 0.103616
0.0872356 0.0992568
0.0699148 0.123464
0.333128 0.323737
0.325147 0.31531
0.34373 0.338448
0.422811 0.404678
0.40883 0.399635
0.401951 0.389334
0.446272 0.438054
0.503532 0.50626
0.503532 0.498009
0.49953 0.50781
0.507945 0.522953
0.502472 0.517836
0.518572 0.543413
0.515056 0.55493
0.516806 0.526626
0.517952 0.532867
0.519433 0.536766
0.527195 0.557622
0.522844 0.538258
0.551543 0.584254
0.56521 0.597215
0.588838 0.622523
0.621485 0.648878
0.644397 0.687919
0.675207 0.713208
0.637281 0.727558
0.804499 0.827418
0.796335 0.82765
0.870702 0.891713
0.903063 0.90693
0.983375 0.957978
0.986821 0.957855
0.834242 0.828614
0.770017 0.772023
0.783575 0.762503
0.671116 0.704746
0.622956 0.61507
0.267933 0.373044
0.272693 0.291019
0.0821109 0.0997392
-0.225753 -0.205933
-0.306818 -0.296489
-0.314402 -0.318752
-0.386208 -0.409031
-0.431727 -0.432095
-0.469987 -0.464526
-0.523381 -0.504116
-0.530311 -0.507826
-0.524811 -0.516079
-0.521871 -0.489373
-0.498856 -0.505132
-0.480028 -0.493996
-0.4967 -0.483469
-0.426964 -0.470106
-0.435523 -0.445899
-0.411497 -0.416892
-0.33406 -0.375998
-0.351646 -0.353437
-0.332819 -0.297816
-0.230399 -0.266025
-0.248037 -0.241425
-0.18964 -0.223213
-0.21598 -0.203286
-0.130261 -0.0811063
-0.0747352 -0.10552
-0.0647362 -0.0553142
-0.0198039 -0.0415438
-0.0285634 -0.00174063
0.133502 0.12938
0.186507 0.192601
0.168979 0.178914
0.198141 0.205232
0.2878 0.28535
0.281039 0.279456
0.308153 0.305935
0.328992 0.329404
0.374395 0.374132
0.391867 0.392942
0.396776 0.396212
0.411778 0.398603
0.431353 0.422753
0.477452 0.489978
0.494784 0.509162
0.546148 0.565849
0.590459 0.597726
0.590344 0.598607
0.604507 0.614186
0.647797 0.670106
0.663311 0.689195
0.661459 0.68415
0.692236 0.705317
0.730096 0.748767
0.771667 0.778498
0.812624 0.821035
0.817456 0.826283
0.874557 0.867541
0.886396 0.875316
0.87427 0.861158
0.82621 0.835203
0.853869 0.83908
0.705257 0.775959
0.724749 0.714074
0.667514 0.647182
0.567847 0.569988
0.172049 0.208613
0.172799 0.149783
-0.130491 -0.0610499
-0.130689 -0.11598
-0.363211 -0.330738
-0.473792 -0.448403
-0.476799 -0.486154
-0.483299 -0.493604
-0.486785 -0.536919
-0.680578 -0.63583
-0.781513 -0.741813
-0.812936 -0.762477
-0.842796 -0.799245
-0.855656 -0.808496
-0.874906 -0.838592
-0.853644 -0.840736
-0.860868 -0.851068
-0.824448 -0.843138
-0.798485 -0.8097
-0.754578 -0.759198
-0.686951 -0.708744
-0.621217 -0.639466
-0.58562 -0.439531
-0.346591 -0.327897
-0.279326 -0.310081
-0.288131 -0.319468
-0.229825 -0.257957
-0.247591 -0.195477
-0.0570483 -0.0824362
0.00720682 -0.0562603
-0.0105515 -0.0408287
0.0582133 0.0792145
0.150665 0.134767
0.133666 0.12138
0.252701 0.242577
0.267937 0.298062
0.322489 0.308385
0.38085 0.362633
0.403579 0.387687
0.386611 0.403272
0.407285 0.404401
0.429248 0.424757
0.424814 0.420996
0.435433 0.43716
0.442393 0.426942
0.439498 0.442531
0.441866 0.448059
0.45017 0.468481
0.453061 0.476942
0.457227 0.469564
0.443549 0.448565
0.468244 0.483341
0.484376 0.499758
0.561987 0.58648
0.567231 0.591909
0.596477 0.630342
0.59366 0.629683
0.70273 0.733748
0.765829 0.795595
0.799504 0.831667
0.870212 0.89625
0.966455 0.944971
0.985284 0.953596
0.944828 0.940649
0.958328 0.936909
0.97155 0.945009
0.872821 0.856553
0.651378 0.631495
0.300649 0.341387
0.0556327 0.0692434
-0.188359 -0.187394
-0.272983 -0.279382
-0.425 -0.429327
-0.488605 -0.487321
-0.517618 -0.518317
-0.549523 -0.54622
-0.54249 -0.547501
-0.484128 -0.51078
-0.516882 -0.497749
-0.375944 -0.421886
-0.281878 -0.310588
-0.223903 -0.277993
-0.0939138 -0.100458
-0.102402 -0.102113
-0.110867 -0.10209
-0.0776281 -0.0658919
-0.0313389 0.0255253
0.189119 0.191878
0.288449 0.291604
0.325714 0.325355
0.322368 0.324024
0.358997 0.346844
0.354426 0.35419
0.351065 0.353674
0.400607 0.391165
0.420903 0.44142
0.447789 0.458626
0.474781 0.489882
0.481456 0.498631
0.494411 0.507947
0.502554 0.514779
0.570363 0.589743
0.643734 0.679399
0.641667 0.671721
0.657341 0.67685
0.673184 0.693594
0.749287 0.771647
0.804053 0.828489
0.852937 0.861467
0.83833 0.865145
0.88551 0.891223
0.88445 0.898126
0.921598 0.920281
0.966642 0.919228
0.874811 0.860663
0.884532 0.871129
0.83033 0.835996
0.771698 0.768219
0.67752 0.679825
0.610029 0.617788
0.618588 0.623134
0.489019 0.606755
-0.521449 -0.564944
-0.622479 -0.584827
-0.844084 -0.75924
-0.856926 -0.779457
-0.859424 -0.836088
-0.886755 -0.845567
-0.858693 -0.817134
-0.873084 -0.862525
-0.861694 -0.830846
-0.825754 -0.831298
-0.833676 -0.80197
-0.790358 -0.741582
-0.749566 -0.746312
-0.636251 -0.625514
-0.555604 -0.558033
-0.481914 -0.524739
-0.490754 -0.510417
-0.421798 -0.44129
-0.194392 -0.205957
-0.128834 -0.249991
-0.214196 -0.150782
-0.214777 -0.133212
-0.215354 -0.121482
-0.042446 0.00430504
0.113647 0.119637
0.1134 0.1195
0.145505 0.149926
0.145049 0.172422
0.201879 0.188464
0.20142 0.19448
0.256364 0.218505
0.256156 0.238955
0.25609 0.264321
0.337033 0.308569
0.359447 0.326826
0.375972 0.347647
0.399242 0.374886
0.394903 0.357504
0.394623 0.386458
0.396448 0.389889
0.396021 0.378279
0.39279 0.386608
0.388664 0.376834
0.386514 0.376789
0.389597 0.389185
0.390299 0.37297
0.408942 0.396892
0.416056 0.385373
0.419436 0.406567
0.428475 0.406997
0.467944 0.450121
0.488564 0.472082
0.498295 0.482654
0.501559 0.487613
0.502427 0.492759
0.499939 0.487897
0.495289 0.485609
0.496052 0.486554
0.496795 0.487548
0.259707 0.320134
0.259751 0.318885
0.234504 0.302094
0.234418 0.304045
0.173376 0.258976
0.0863067 0.193269
0.0620494 0.172701
0.0390047 0.154051
0.0263505 0.144168
0.0255358 0.144082
0.00748739 0.129919
-0.0165306 0.108729
-0.0176291 0.108227
-0.0201938 0.104578
-0.0213478 0.105925
-0.0105879 0.117847
-0.0133524 0.115497
-0.0161597 0.115017
-0.00481327 0.124157
-0.00914069 0.122563
0.016147 0.13215
0.0100918 0.143123
0.0259939 0.153613
0.022906 0.158481
0.0539192 0.182821
0.071408 0.193748
0.103624 0.223882
0.124001 0.239705
0.170463 0.278175
0.177743 0.28534
0.187197 0.292856
0.184477 0.29028
0.21732 0.303944
0.217342 0.303991
0.215487 0.302193
0.21821 0.304181
0.220298 0.306313
0.216993 0.303524
0.212279 0.300159
0.210412 0.300689
0.202213 0.291101
0.195221 0.288455
0.194101 0.28578
0.193194 0.284286
0.195708 0.287012
0.205876 0.295151
0.217143 0.303787
0.236215 0.318877
0.234478 0.316368
0.269368 0.34301
0.317461 0.374555
0.315057 0.377095
0.336539 0.394596
0.33341 0.397507
0.344633 0.400294
0.349679 0.403361
0.348918 0.403051
0.352831 0.40594
0.349806 0.406614
0.352978 0.4058
0.350324 0.402337
0.341228 0.394255
0.336951 0.389719
0.336207 0.39002
0.326286 0.382465
0.320586 0.38242
0.319121 0.376866
0.318386 0.376061
0.299063 0.359968
0.290101 0.351644
0.266602 0.346106
0.263251 0.343565
0.262152 0.342338
0.22222 0.306402
0.216076 0.299471
0.214173 0.299322
0.21251 0.297354
0.204932 0.289125
0.20417 0.288662
0.197725 0.281874
0.197029 0.280472
0.177766 0.258305
0.176891 0.256787
0.173051 0.251801
0.166658 0.242764
0.165047 0.240568
0.162781 0.234183
0.160918 0.231842
0.159044 0.227559
0.159135 0.226146
0.157482 0.223148
0.157601 0.222245
0.156719 0.21845
0.152732 0.211769
0.150915 0.206631
0.148772 0.201369
0.148423 0.193639
0.140733 0.187951
0.13711 0.177831
0.138763 0.175105
0.138283 0.172389
0.140977 0.1713
0.142082 0.171767
0.146329 0.170191
0.150812 0.171523
0.154947 0.172426
0.164199 0.176826
0.16564 0.17772
0.172146 0.180767
0.184569 0.188004
0.193126 0.192706
0.194731 0.193294
0.196838 0.195899
0.204659 0.201377
0.2165 0.208766
0.21984 0.211211
0.23 0.217511
0.233366 0.220583
0.237913 0.223045
0.242668 0.227055
0.247688 0.230519
0.248413 0.23032
0.253383 0.234239
0.254651 0.235807
0.245922 0.241087
0.248214 0.243361
0.249363 0.242164
0.246022 0.24107
0.245006 0.23995
0.246159 0.24065
0.242443 0.237811
0.237634 0.229668
0.212768 0.211442
0.194012 0.193884
0.196288 0.195541
0.173925 0.173873
0.175049 0.174546
0.176158 0.174951
0.179174 0.177665
0.18786 0.184405
0.188984 0.184154
0.214899 0.204638
0.224273 0.211661
0.233805 0.220244
0.234952 0.220488
0.245887 0.22877
0.254681 0.235484
0.264627 0.244051
0.265793 0.2443
0.26813 0.24683
0.279563 0.255676
0.295915 0.26791
0.299474 0.269179
0.303906 0.271078
0.312049 0.279708
0.319328 0.284516
0.324197 0.287693
0.331454 0.292641
0.331127 0.292675
0.334531 0.294228
0.332777 0.292393
0.332821 0.292047
0.334063 0.292651
0.327265 0.29116
0.32047 0.286275
0.308307 0.269786
0.313294 0.267099
0.296283 0.244999
0.299526 0.2487
0.301133 0.249218
0.27207 0.22453
0.276341 0.228203
0.277739 0.22519
0.27143 0.22453
0.26247 0.217024
0.26625 0.22011
0.254716 0.216146
0.24866 0.205551
0.249767 0.208238
0.22822 0.189048
0.229133 0.188982
0.230028 0.190749
0.209357 0.173248
0.210068 0.174459
0.201837 0.161602
0.174973 0.151325
0.175343 0.14683
0.145153 0.120605
0.130583 0.115727
0.100207 0.0849675
0.063243 0.0532314
0.0513656 0.0447076
0.0275489 0.0179218
0.018829 0.0100197
0.00608138 0.00252512
-0.00379402 -0.0012119
-0.00196319 0.00157835
-0.00546 0.00211885
0.0060037 0.0155046
0.00444235 0.0117601
-0.000308309 0.0160186
0.0238619 0.0322513
0.0344712 0.0461363
0.0529459 0.0722461
0.0697896 0.0843093
0.072069 0.0856355
0.0956891 0.111807
0.0939328 0.108435
0.0904233 0.105302
0.104599 0.121234
0.12575 0.138436
0.152275 0.163966
0.164041 0.165441
0.169656 0.182418
0.208158 0.201776
0.205893 0.199742
0.222675 0.207248
0.220437 0.214439
0.250622 0.243081
0.249524 0.242309
0.247323 0.247168
0.264743 0.257553
0.270331 0.267052
0.272986 0.265889
0.271929 0.264725
0.273354 0.267017
0.270472 0.266086
0.267608 0.264518
0.260876 0.258359
0.251067 0.252431
0.250032 0.254476
0.24694 0.249916
0.243943 0.24615
0.241895 0.24555
0.237894 0.241174
0.23115 0.237539
0.228089 0.236216
0.22062 0.232799
0.222443 0.23043
0.221418 0.230865
0.219364 0.232384
0.224359 0.234327
0.227285 0.237176
0.244012 0.251994
0.242012 0.250365
0.24981 0.257471
0.255948 0.262173
0.284562 0.286896
0.294821 0.295479
0.296069 0.298585
0.291794 0.294046
0.288915 0.292759
0.283506 0.289872
0.262662 0.283416
0.260095 0.282297
0.256316 0.279813
0.238709 0.262755
0.223642 0.247493
0.211716 0.228124
0.211216 0.229483
0.215324 0.227655
0.217903 0.224434
0.219999 0.222332
0.219294 0.219235
0.218014 0.214756
0.218235 0.215273
0.215702 0.210289
0.213837 0.203803
0.208454 0.199128
0.208972 0.198908
0.20951 0.197547
0.199581 0.185162
0.195108 0.1782
0.186921 0.176225
0.175131 0.155113
0.163665 0.138701
0.16541 0.135435
0.16632 0.134984
0.173368 0.137337
0.179034 0.140835
0.188785 0.146207
0.194234 0.149383
0.206844 0.157504
0.211506 0.16051
0.217885 0.165019
0.229086 0.170947
0.22836 0.172409
0.232115 0.174805
0.236817 0.179908
0.235701 0.178721
0.232717 0.178638
0.215943 0.17802
0.21803 0.176863
0.219077 0.177876
0.213871 0.176321
0.217009 0.176472
0.209556 0.169476
0.2089 0.169303
0.211017 0.168278
0.194404 0.155479
0.196504 0.15724
0.184883 0.146077
0.180545 0.145788
0.182629 0.143834
0.18083 0.141829
0.183952 0.142339
0.188378 0.146672
0.215666 0.170488
0.223714 0.173614
0.237686 0.189534
0.265876 0.213657
0.268048 0.214975
0.269137 0.215601
0.276864 0.217746
0.277957 0.223947
0.279052 0.223758
0.290295 0.232659
0.307174 0.246576
0.31969 0.257204
0.325538 0.261486
0.326686 0.261837
0.328896 0.26357
0.328402 0.263006
0.331174 0.265397
0.33234 0.266067
0.333507 0.267515
0.324034 0.259097
0.326368 0.260924
0.319572 0.255025
0.321908 0.257087
0.315925 0.252595
0.318268 0.251196
0.307484 0.244873
0.309817 0.246632
0.305324 0.242792
0.306499 0.244133
0.293556 0.232615
0.270907 0.20038
0.263243 0.192607
0.251188 0.18848
0.237217 0.171227
0.238464 0.171641
0.240916 0.174234
0.204481 0.145984
0.205306 0.146624
0.206114 0.147055
0.189448 0.137277
0.191319 0.135548
0.191904 0.129981
0.175648 0.117945
0.166998 0.11665
0.157615 0.11199
0.157826 0.109224
0.158017 0.109726
0.158186 0.110734
0.158335 0.104509
0.147082 0.101189
0.135472 0.0906513
0.118704 0.0764486
0.0937014 0.0546248
0.0808301 0.0437531
0.0675482 0.033766
0.0539826 0.0221146
0.0363924 0.0101009
0.0337341 0.00681572
0.029795 0.00468781
0.0277439 0.00361503
0.0276931 0.000688912
0.0222831 -0.00244018
0.0212686 0.000977364
0.0223274 0.00811652
0.0242851 0.0125307
0.0303324 0.0121085
0.0271161 0.0175779
0.0313611 0.023685
0.0426838 0.0252541
0.0358772 0.0356587
0.0488563 0.046613
0.0696358 0.0700204
0.0861482 0.0824187
0.0808507 0.0761488
0.104132 0.101039
0.114956 0.114761
0.114956 0.113083
0.131413 0.131061
0.152536 0.152119
0.17011 0.17058
0.184311 0.182662
0.182691 0.181492
0.196251 0.194496
0.194684 0.192102
0.225681 0.207345
0.224549 0.205554
0.223414 0.204595
0.222278 0.203728
0.238125 0.219498
0.237001 0.21691
0.26747 0.246951
0.277653 0.256533
0.275485 0.253885
0.28134 0.262609
0.279141 0.259029
0.271827 0.259395
0.270779 0.254157
0.268684 0.254483
0.259093 0.246852
0.255954 0.243949
0.245919 0.237731
0.233846 0.227856
0.225842 0.221618
0.222466 0.219379
0.22037 0.217512
0.218917 0.216205
0.216125 0.214839
0.218404 0.21643
0.220637 0.218699
0.219601 0.21825
0.225242 0.223918
0.230028 0.229207
0.227972 0.231184
0.245902 0.243342
0.243872 0.241514
0.252385 0.249282
0.257071 0.253268
0.261918 0.25732
0.2771 0.270216
0.282127 0.275897
0.293075 0.282148
0.294666 0.285446
0.294434 0.285581
0.293467 0.289772
0.29612 0.288233
0.294372 0.28909
0.295858 0.287594
0.293963 0.287005
0.29197 0.286349
0.29103 0.284022
0.289143 0.283497
0.267647 0.28112
0.265387 0.276665
0.250348 0.261832
0.238019 0.253295
0.229487 0.240495
0.227981 0.239058
0.2286 0.238215
0.224401 0.229988
0.223892 0.229327
0.224766 0.22835
0.223937 0.227061
0.22534 0.224739
0.225456 0.221112
0.224167 0.218564
0.218057 0.212295
0.218741 0.206721
0.200685 0.184681
0.201118 0.185621
0.202047 0.18325
0.194297 0.176664
0.185799 0.167348
0.170488 0.150937
0.163701 0.141951
0.165244 0.1431
0.157505 0.12721
0.157498 0.123721
0.163062 0.126108
0.164268 0.127114
0.196237 0.14624
0.242278 0.177335
0.23899 0.174159
0.222063 0.174228
0.194443 0.148968
0.195478 0.150412
0.196516 0.152111
0.189848 0.14598
0.178728 0.134769
0.0567471 0.0380338
-0.000452556 -0.0155334
-0.0304988 -0.0464705
-0.119317 -0.13751
-0.171489 -0.188975
-0.168953 -0.186428
-0.169595 -0.187305
-0.157928 -0.176918
-0.146326 -0.173072
-0.117163 -0.13516
-0.0770067 -0.0905214
-0.0777216 -0.0947605
-0.0780799 -0.0947605
-0.0314721 -0.0443749
-0.00952588 -0.0247893
0.015803 0.000853666
0.0403203 0.029095
0.0583576 0.0476821
0.0781369 0.0717257
0.0982079 0.0863178
0.097921 0.0835856
0.0970555 0.0909142
0.131133 0.118391
0.159723 0.15009
0.174505 0.168394
0.183104 0.171864
0.19974 0.191455
0.199394 0.191455
0.209807 0.203888
0.20966 0.203888
0.220755 0.216763
0.228122 0.223524
0.245452 0.242487
0.254658 0.251534
0.294019 0.287633
0.365998 0.302468
0.3674 0.30959
0.383715 0.319249
0.395658 0.329514
0.410514 0.344585
0.416374 0.347218
0.417874 0.351319
0.427914 0.357418
0.403316 0.341838
0.404898 0.342597
0.395789 0.333765
0.365358 0.313305
0.370194 0.315114
0.331006 0.302469
0.334237 0.291182
0.272027 0.240601
0.273632 0.24281
0.276851 0.238714
0.252284 0.225118
0.253886 0.22596
0.255491 0.227783
0.214877 0.19224
0.170957 0.151957
0.172529 0.146623
0.143234 0.127113
0.137618 0.117302
0.15597 0.130927
0.163079 0.135949
0.193126 0.161613
0.204947 0.165058
0.209552 0.174683
0.217998 0.181679
0.224173 0.185583
0.24264 0.196521
0.254975 0.211027
0.2923 0.238347
0.297068 0.244283
0.302999 0.248667
0.304598 0.250323
0.306773 0.250625
0.248532 0.245252
0.2395 0.241649
0.239913 0.237035
0.235812 0.22972
0.217548 0.215447
0.177112 0.171008
0.144686 0.146353
0.112121 0.113391
0.112195 0.113391
0.0940644 0.0950685
0.0941199 0.0851904
0.0425316 0.0427485
0.0425443 0.0331038
0.0234909 0.0227196
0.0234608 0.0227196
0.0234465 0.013253
-0.0100125 -0.0133044
-0.0243421 -0.0291448
-0.0347295 -0.039085
-0.039523 -0.0456422
-0.0417818 -0.0524666
-0.0218265 -0.0331785
0.0076253 -0.017207
0.0272826 0.0133599
0.0271256 0.0133599
0.0504557 0.0205643
0.0996124 0.0811197
0.126168 0.117662
0.153329 0.130817
0.180621 0.156061
0.209391 0.182244
0.238246 0.191721
0.238034 0.208288
0.262492 0.23214
0.284569 0.251003
0.304528 0.266645
0.340811 0.298197
0.354378 0.309772
0.354412 0.309772
0.365408 0.31914
0.373846 0.326425
0.380489 0.331821
0.380568 0.33246
0.380646 0.33246
0.328818 0.334777
0.327531 0.333619
0.285207 0.298841
0.246273 0.268635
0.232447 0.263798
0.218115 0.244125
0.212739 0.239191
0.197567 0.227311
0.178179 0.210046
0.176803 0.209001
0.160964 0.195029
0.14512 0.179739
0.103488 0.14133
0.100613 0.139643
0.0883357 0.127317
0.0599316 0.0989521
0.042557 0.0814643
0.038014 0.0771943
0.0375717 0.0773851
0.0329938 0.0727392
0.0342065 0.0734844
0.0379077 0.0755233
0.0332474 0.0698786
0.0824168 0.104568
0.0942514 0.128972
0.089588 0.122006
0.134238 0.163889
0.15256 0.182114
0.171962 0.196726
0.170425 0.195208
0.209367 0.235845
0.285703 0.298151
0.307245 0.318468
0.341681 0.346054
0.340267 0.345754
0.354911 0.351943
0.349314 0.361578
0.35871 0.361547
0.371733 0.369118
0.370367 0.370999
0.365735 0.367632
0.377427 0.377005
0.432622 0.385151
0.438775 0.385261
0.443183 0.390971
0.443421 0.389829
0.441897 0.389195
0.441992 0.388468
0.422314 0.371265
0.41067 0.364464
0.388698 0.360261
0.388974 0.350101
0.389112 0.350101
0.389251 0.349756
0.373246 0.336311
0.373671 0.338425
0.355788 0.324945
0.336083 0.307969
0.336224 0.310138
0.316313 0.292585
0.29765 0.280105
0.275586 0.262458
0.227237 0.22271
0.141122 0.159679
0.122316 0.14036
0.106053 0.123699
0.106094 0.114295
0.0913998 0.0999395
0.0914267 0.099718
0.0794922 0.0936208
0.0795144 0.0874186
0.0741234 0.084207
0.0741297 0.0816301
0.0714809 0.0781643
0.0732024 0.0787895
0.0731754 0.0787895
0.0896545 0.092734
0.13446 0.14105
0.173119 0.165487
0.19337 0.182956
0.235488 0.206926
0.249892 0.232381
0.266877 0.244547
0.301123 0.274633
0.301185 0.282043
0.337031 0.302225
0.356988 0.315208
0.360174 0.320882
0.370463 0.329627
0.430106 0.335745
0.438093 0.339949
0.438691 0.341424
0.423147 0.330299
0.42795 0.332171
0.414618 0.324981
0.367771 0.289742
0.369386 0.290583
0.300237 0.235796
0.269006 0.2089
0.270591 0.210322
0.255751 0.19958
0.25895 0.191959
0.147706 0.118698
0.152302 0.102106
0.127349 0.0772552
0.10306 0.0542693
0.10456 0.055066
0.0692174 0.0180902
0.0503431 -0.00333086
0.0423271 -0.0174561
0.0532376 -0.00607911
0.0862671 0.0262793
0.118708 0.0582553
0.258692 0.180642
0.280692 0.19979
0.299334 0.215989
0.300826 0.216187
0.371953 0.275319
0.382394 0.282734
0.388505 0.288851
0.332878 0.289251
0.324907 0.286325
0.292249 0.263234
0.277779 0.23989
0.259028 0.234254
0.241707 0.208296
0.194493 0.179555
0.169878 0.141801
0.118926 0.0927741
0.0930134 0.0815365
0.093099 0.0666745
0.0931276 0.0536079
0.0381915 0.0101956
-0.00115477 -0.0296045
-0.00131646 -0.0421322
-0.0398337 -0.072863
-0.0549717 -0.0873796
-0.0552222 -0.0901928
-0.0651372 -0.103448
-0.0636662 -0.102893
-0.0583639 -0.0980979
-0.0493144 -0.0898969
-0.0353002 -0.073574
-0.0355078 -0.0769779
0.0179731 -0.0012705
0.0384356 -0.00488795
0.0382264 -0.00488795
0.105444 0.0590622
0.151214 0.105559
0.151035 0.102324
0.150678 0.102324
0.193722 0.143549
0.230092 0.181595
0.229956 0.176529
0.248327 0.195388
0.248204 0.193694
0.264362 0.209191
0.27862 0.228219
0.324202 0.269598
0.330096 0.270909
0.274672 0.270855
0.273036 0.269976
0.268847 0.26825
0.266483 0.26326
0.248063 0.250407
0.225121 0.231334
0.204036 0.213661
0.164622 0.177984
0.16316 0.1761
0.146918 0.163547
0.135824 0.158099
0.124692 0.141701
0.106126 0.124431
0.0971681 0.114997
0.0615516 0.082837
0.0507886 0.0714162
0.0504921 0.0726786
0.0472093 0.0686914
0.0523896 0.0740469
0.0806383 0.100929
0.188946 0.186576
0.184273 0.196237
0.204164 0.215798
0.202613 0.225681
0.275006 0.279459
0.320679 0.320115
0.316302 0.324246
0.350538 0.347599
0.349122 0.34664
0.365396 0.358864
0.365396 0.359396
0.362632 0.359324
0.370296 0.364209
0.429679 0.3703
0.429729 0.3703
0.434656 0.374222
0.434841 0.379587
0.42687 0.371164
0.416886 0.361665
0.403894 0.351841
0.387555 0.339381
0.345496 0.325033
0.345834 0.309926
0.320019 0.290052
0.29291 0.268747
0.236946 0.222902
0.12209 0.122225
0.104904 0.115582
0.0967813 0.103794
0.0968067 0.0984491
0.0968304 0.0936563
0.0866697 0.0882071
0.0777438 0.0789482
0.0776931 0.0762491
0.0891425 0.0887489
0.0891124 0.0865897
0.107262 0.102161
0.119293 0.116145
0.133896 0.125646
0.216195 0.197346
0.23347 0.212202
0.268243 0.241815
0.26827 0.241815
0.268298 0.243896
0.280036 0.251182
0.280097 0.25567
0.294505 0.263317
0.294547 0.27196
0.344089 0.304894
0.35852 0.316367
0.358636 0.31662
0.358751 0.31662
0.358867 0.31662
0.423983 0.325929
0.430072 0.330645
0.436641 0.336731
0.43528 0.335512
0.436854 0.33575
0.42659 0.328309
0.423984 0.32775
0.413859 0.317846
0.396348 0.30846
0.399562 0.309726
0.378294 0.29237
0.381507 0.295931
0.361257 0.277856
0.340024 0.263126
0.227145 0.169677
0.20304 0.146875
0.108622 0.0568916
0.0881011 0.0374759
0.0697928 0.0187643
0.0551635 0.00176054
0.0580802 0.00262054
0.0383167 -0.0241019
0.03971 -0.0197163
0.0425015 -0.0188304
0.0483696 -0.0124403
0.0631225 6.85549e-05
0.097111 0.030983
0.0985059 0.0334191
0.120606 0.0563363
0.138765 0.0697204
0.239902 0.162682
0.262241 0.181947
0.265163 0.184641
0.286505 0.202818
0.327455 0.237072
0.341015 0.240281
0.361115 0.265863
0.374865 0.274827
0.382685 0.280895
0.38851 0.286434
0.329579 0.282837
0.3103 0.266075
0.296457 0.262647
0.282116 0.237077
0.265839 0.227511
0.224815 0.1907
0.224942 0.191145
0.22507 0.191145
0.203527 0.171499
0.157241 0.128032
0.0688449 0.0416606
0.0464358 0.0185189
0.00370526 -0.0263145
-0.0206789 -0.0541838
-0.0333822 -0.0683886
-0.0427789 -0.0770587
-0.042912 -0.0794474
-0.0430436 -0.0794474
-0.0494047 -0.0870412
-0.0459016 -0.0869544
-0.0256372 -0.0694165
0.0039779 -0.0517963
0.00353565 -0.0407636
0.0214271 -0.0200538
0.0212052 -0.0235485
0.0209848 -0.0235485
0.0393581 -0.00584114
0.0589393 0.0137623
0.106555 0.0604106
0.133192 0.069162
0.159105 0.110885
0.185375 0.138847
0.211087 0.162757
0.210945 0.159941
0.251778 0.196721
0.311785 0.258512
0.328255 0.266961
0.341934 0.285197
0.355477 0.291276
0.355442 0.291276
0.355425 0.291276
0.362837 0.295871
0.305058 0.298977
0.296538 0.293642
0.292418 0.287132
0.281158 0.276659
0.256203 0.258113
0.209451 0.218091
0.194157 0.202761
0.192729 0.203007
0.172298 0.185602
0.153432 0.168191
0.0563365 0.0766713
0.0532614 0.0739984
0.0453626 0.0665695
0.0422637 0.064975
0.0407119 0.0619536
0.0321109 0.0532834
0.0262855 0.0489642
0.0251109 0.0467068
0.035148 0.0506949
0.0319587 0.051692
0.0303593 0.0511392
0.0388779 0.0596703
0.0452136 0.0657704
0.0436063 0.0630615
0.0539731 0.0724015
0.0812042 0.124665
0.171879 0.132311
0.197766 0.165313
0.219716 0.184828
0.220558 0.185082
0.157417 0.12851
0.0567043 0.0352715
-0.00993167 -0.0293506
-0.0815085 -0.134127
-0.15497 -0.174002
-0.155293 -0.211419
-0.230158 -0.250024
-0.300576 -0.316719
-0.386982 -0.399603
-0.385515 -0.393465
-0.370901 -0.383504
-0.144318 -0.153209
-0.145253 -0.160109
-0.0799456 -0.0945831
-0.00876184 -0.0234226
0.0576966 0.0416734
0.118953 0.101668
0.118609 0.101668
0.243882 0.221609
0.287337 0.264976
0.177863 0.175308
0.0858026 0.0842166
0.0360357 0.0397568
0.0352669 0.0492136
-0.0129894 0.00410782
-0.0843776 -0.0762257
-0.0852589 -0.0631196
-0.136289 -0.11213
-0.151965 -0.129452
-0.126016 -0.0978194
-0.102727 -0.0705884
-0.103062 -0.0743368
-0.103398 -0.0743368
-0.046775 -0.0530414
-0.0480653 -0.00738133
0.0197928 0.0463967
0.0558341 0.0868313
0.0550082 0.0948737
0.0912111 0.116456
0.0907071 0.134948
0.149309 0.170863
0.209552 0.228297
0.237803 0.254697
0.26618 0.280857
0.307863 0.318516
0.307795 0.328008
0.326789 0.335677
0.339074 0.346806
0.354244 0.361091
0.354267 0.366617
0.359312 0.36618
0.359442 0.370299
0.360283 0.367722
0.350727 0.361226
0.348724 0.360391
0.34891 0.363728
0.345713 0.357091
0.33516 0.35715
0.335283 0.350104
0.333566 0.350076
0.332892 0.350585
0.333052 0.350585
0.332446 0.351212
0.336596 0.354326
0.346004 0.361174
0.346458 0.361481
0.353991 0.366934
0.371035 0.379105
0.386487 0.389843
0.393343 0.394595
0.399703 0.398753
0.403828 0.402468
0.40276 0.400304
0.40341 0.400926
0.398894 0.396864
0.399552 0.397047
0.392149 0.39695
0.392479 0.390911
0.349477 0.358005
0.329619 0.338556
0.305854 0.32447
0.282115 0.305163
0.233284 0.265515
0.23355 0.263628
0.218342 0.253188
0.218606 0.248309
0.200563 0.233052
0.174648 0.214373
0.16661 0.205939
0.163251 0.199149
0.167557 0.200756
0.167726 0.196982
0.163912 0.190191
0.161764 0.186775
0.162019 0.186375
0.16261 0.186497
0.162977 0.186303
0.171587 0.191447
0.176871 0.195111
0.154258 0.170882
0.154331 0.170941
0.154478 0.170941
0.154551 0.159767
0.126828 0.13319
0.0958683 0.115451
0.0609112 0.0665464
-0.0619241 -0.0420406
-0.0620224 -0.0426366
-0.0621223 -0.0426366
-0.0889713 -0.0685828
-0.152421 -0.132584
-0.175937 -0.158612
-0.176124 -0.162
-0.19155 -0.179035
-0.190032 -0.176687
-0.192663 -0.180621
-0.192894 -0.180621
-0.191683 -0.180834
0.0341193 0.040623
0.0672661 0.0714926
0.189569 0.186406
0.189222 0.200253
0.229921 0.223526
0.288835 0.275439
0.320001 0.302917
0.425603 0.402922
0.440799 0.407125
0.440865 0.408057
0.44093 0.408057
0.451879 0.417907
0.449417 0.415183
0.453722 0.419698
0.447578 0.41383
0.425501 0.396345
0.425669 0.39831
0.425837 0.39831
0.407076 0.383857
0.384384 0.364336
0.358821 0.344634
0.331185 0.319303
0.273916 0.282742
0.221334 0.240752
0.197772 0.221169
0.176812 0.202014
0.148801 0.177215
0.148911 0.178908
0.138322 0.168945
0.129374 0.159924
0.129465 0.159924
0.121907 0.150684
0.117532 0.147994
0.109697 0.140349
0.109901 0.140127
0.10997 0.134355
0.0669744 0.0970276
0.0670077 0.0967057
0.0670235 0.0877338
0.0471317 0.066309
0.0238777 0.0536366
-0.00500031 0.0237072
-0.00510652 0.00190166
-0.0892979 -0.0449698
-0.124493 -0.100537
-0.160486 -0.139106
-0.160677 -0.139106
-0.188507 -0.166271
-0.188724 -0.169213
-0.188943 -0.169213
-0.234847 -0.218106
-0.267125 -0.251969
-0.270772 -0.251868
-0.276846 -0.265307
-0.277637 -0.264824
-0.278034 -0.264824
-0.265809 -0.248664
-0.266657 -0.252925
-0.256097 -0.241691
-0.239146 -0.221025
-0.239586 -0.225232
-0.240468 -0.225232
-0.218837 -0.203461
-0.219277 -0.203461
-0.165814 -0.164892
-0.166679 -0.14925
-0.167112 -0.14925
-0.134213 -0.115828
-0.0975184 -0.0781721
0.0379759 0.067994
0.0663277 0.0843195
0.118103 0.137393
0.117513 0.137393
0.147484 0.167549
0.198573 0.220733
0.320137 0.336567
0.320112 0.336567
0.39754 0.401966
0.430468 0.461042
0.465386 0.47439
0.465628 0.49165
0.540678 0.531679
0.599365 0.574323
0.599991 0.590086
0.607936 0.597794
0.608273 0.598469
0.616058 0.605941
0.617825 0.611745
0.615253 0.60144
0.600909 0.584081
0.601742 0.585773
0.576854 0.55242
0.429994 0.454056
0.431302 0.42947
0.393123 0.400297
0.393546 0.394253
0.35226 0.37016
0.243159 0.287791
0.244252 0.287791
0.183452 0.237094
0.183777 0.237094
0.132116 0.191553
0.132677 0.190717
0.104244 0.165666
0.105016 0.164604
0.0597272 0.1147
0.0649169 0.114909
0.0821188 0.127662
0.0947951 0.136696
0.107089 0.137215
0.12912 0.1648
0.129232 0.16324
0.130065 0.163259
0.0825991 0.114106
0.0826752 0.100681
-0.0579629 -0.0275941
-0.122844 -0.0957109
-0.17222 -0.149072
-0.164208 -0.140092
-0.14968 -0.125514
-0.129332 -0.121822
-0.129817 -0.108934
-0.071668 -0.0507859
-0.0404075 -0.0207705
-0.0406405 -0.00784137
-0.00438845 0.0458764
0.0836817 0.108541
0.0834979 0.0982969
0.161368 0.169127
0.204654 0.208299
0.328702 0.317005
0.387871 0.366095
0.387871 0.366095
0.417969 0.391609
0.46677 0.433754
0.466862 0.433754
0.488635 0.452978
0.50496 0.467336
0.514519 0.48063
0.514913 0.476288
0.508779 0.470768
0.508993 0.470768
0.438987 0.433522
0.312281 0.3455
0.312853 0.316384
0.264093 0.278699
0.217412 0.236641
0.112219 0.150748
0.11245 0.151789
0.0600505 0.101923
0.0601298 0.1027
0.0602106 0.1027
0.0130687 0.0502998
0.0130354 0.0483132
-0.0349467 -0.00540201
-0.0350482 -0.00540201
-0.0351496 -0.0184048
-0.0602122 -0.0307904
-0.060339 -0.0320811
-0.0607226 -0.0320811
-0.0789311 -0.050167
-0.117613 -0.0910408
-0.118 -0.0929524
-0.188821 -0.165531
-0.189106 -0.168549
-0.199062 -0.175612
-0.199368 -0.176037
-0.210071 -0.187968
-0.211095 -0.191043
-0.211078 -0.193151
-0.211013 -0.191012
-0.20448 -0.189282
-0.204861 -0.181451
-0.205241 -0.185015
-0.196249 -0.172404
-0.184417 -0.163103
-0.18481 -0.156235
-0.132542 -0.132262
-0.132935 -0.10432
-0.0919419 -0.0710578
-0.0931006 -0.0625777
-0.0721071 -0.0500082
-0.0724875 -0.0403964
-0.0487881 -0.0229084
-0.04953 -0.0267906
-0.0256642 -0.0018919
-0.00756189 0.0204099
-0.00863186 0.0153492
0.0362735 0.0334973
0.0359453 0.065409
0.0807524 0.106504
0.0995489 0.12619
0.145515 0.172847
0.161196 0.180756
0.160979 0.188492
0.205446 0.234442
0.228468 0.256292
0.263855 0.289406
0.309807 0.330198
0.367749 0.379618
0.398767 0.405921
0.398928 0.405921
0.432016 0.434244
0.458983 0.457482
0.459137 0.457482
0.511123 0.495206
0.436989 0.432748
0.409332 0.390043
0.380144 0.365376
0.346406 0.365376
0.346783 0.360534
0.315705 0.316245
0.316069 0.316547
0.283578 0.292398
0.283925 0.292574
0.252653 0.292574
0.253641 0.270074
0.141447 0.215493
0.142211 0.206591
0.134163 0.190313
0.134416 0.184159
0.134668 0.171573
0.122036 0.164754
0.0975469 0.139817
0.0977466 0.139023
0.0700369 0.122361
0.0682045 0.118077
0.0684644 0.118294
0.0691365 0.118068
0.0694963 0.115769
0.0728806 0.119952
0.0731025 0.11925
0.0789628 0.123128
0.103543 0.137016
0.103631 0.136082
0.103718 0.142389
0.104989 0.141368
0.100353 0.136861
0.0881613 0.135382
0.0882041 0.135382
0.0702604 0.122632
0.0592152 0.0942514
0.0592342 0.0942514
0.0592706 0.0599926
-0.0181585 0.0164919
-0.0183059 0.00194611
-0.0480526 -0.0148242
-0.07691 -0.0496921
-0.0907388 -0.0582523
-0.124358 -0.0945986
-0.124505 -0.101085
-0.128928 -0.101847
-0.110925 -0.0869452
-0.111146 -0.0869452
-0.111365 -0.0826012
-0.0959776 -0.069302
-0.0774204 -0.0666833
-0.0778722 -0.0545761
-0.0780973 -0.0545761
-0.0551493 -0.0320845
-0.0265487 -0.000305087
0.0432988 0.0641681
0.0822599 0.101679
0.174003 0.191711
0.17389 0.186923
0.217028 0.225398
0.298387 0.307207
0.337874 0.331131
0.337869 0.328376
0.436116 0.410067
0.452494 0.423662
0.452605 0.424319
0.452716 0.424319
0.462032 0.431761
0.466251 0.438367
0.46641 0.435449
0.462146 0.43292
0.462315 0.434933
0.438714 0.426771
0.417719 0.395584
0.391315 0.3772
0.391507 0.3772
0.325467 0.324
0.325826 0.327007
0.258297 0.275945
0.195877 0.24422
0.145983 0.196392
0.146103 0.181457
0.128575 0.163902
0.118201 0.157073
0.107955 0.14705
0.10106 0.139834
0.101145 0.139834
0.0868663 0.122964
0.0816115 0.117685
0.0739855 0.108756
0.0637455 0.0980771
0.0492526 0.0905243
0.0492367 0.0830997
0.0308127 0.0739292
0.0307588 0.0641483
0.0307065 0.0610942
-0.0502702 -0.0183364
-0.0793258 -0.0490244
-0.110179 -0.0658962
-0.134794 -0.0949829
-0.135157 -0.107991
-0.204179 -0.181778
-0.232439 -0.21181
-0.242736 -0.222945
-0.242834 -0.220842
-0.237435 -0.218342
-0.230297 -0.210256
-0.220086 -0.192273
-0.204293 -0.183177
-0.165936 -0.134394
-0.142306 -0.121183
-0.117499 -0.0910285
-0.11829 -0.0953914
0.00373696 0.0271913
0.0353002 0.058187
0.0512324 0.0753686
0.0658426 0.092228
0.0655303 0.0912133
0.0830096 0.10994
0.0924634 0.119965
0.10157 0.125774
0.101029 0.130765
0.135717 0.169205
0.172031 0.206519
0.171853 0.206519
0.190868 0.225354
0.253369 0.285306
0.332104 0.337917
0.361457 0.362294
0.403684 0.41143
0.428063 0.432568
0.470778 0.470219
0.524177 0.518428
0.517803 0.51067
0.47377 0.471044
0.453561 0.454222
0.315935 0.346216
0.213257 0.258249
0.133541 0.20098
0.0498359 0.12328
0.050183 0.104164
0.00217401 0.0760724
-0.047623 0.0542556
-0.169904 -0.0989166
-0.169904 -0.104217
-0.169904 -0.104217
-0.218875 -0.158228
-0.285944 -0.223418
-0.286254 -0.251717
-0.324681 -0.264876
-0.325127 -0.271085
-0.358346 -0.300393
-0.388645 -0.338625
-0.41009 -0.354448
-0.410653 -0.361927
-0.415593 -0.3699
-0.403873 -0.356538
-0.404244 -0.362243
-0.385577 -0.344451
-0.354905 -0.315515
-0.214177 -0.176563
-0.156848 -0.118308
-0.157216 -0.118308
0.121573 0.164326
0.121333 0.152707
0.255253 0.275309
0.292892 0.307045
0.386177 0.388235
0.386103 0.388235
0.448415 0.444007
0.465674 0.460695
0.465739 0.460695
0.467461 0.462562
0.46079 0.454472
0.460943 0.45704
0.445904 0.44138
0.421222 0.420479
0.421407 0.423419
0.398405 0.403517
0.370535 0.380985
0.339331 0.359204
0.307117 0.334643
0.245502 0.287768
0.197931 0.250472
0.141448 0.204046
0.133791 0.19497
0.126616 0.190578
0.126914 0.188412
0.117502 0.182186
0.11757 0.182186
0.108936 0.17369
0.103479 0.16798
0.0953055 0.16014
0.0954244 0.15995
0.0881851 0.150788
0.0862512 0.150483
0.0862988 0.150161
0.0863226 0.150161
0.0854793 0.148632
0.0853747 0.148076
0.0883135 0.150368
0.0883404 0.149796
0.0924951 0.153175
0.106365 0.164902
0.124184 0.181848
0.134691 0.182482
0.146116 0.199621
0.14614 0.198615
0.146189 0.198615
0.229764 0.269971
0.233332 0.271234
0.23342 0.271339
0.233596 0.271339
0.235887 0.273189
0.236168 0.274771
0.236681 0.273834
0.23678 0.274237
0.232965 0.271303
0.230912 0.269542
0.2276 0.266469
0.227707 0.267101
0.219089 0.259501
0.219308 0.260153
0.21467 0.255816
0.215001 0.256013
0.205645 0.252124
0.202014 0.24552
0.19152 0.233278
0.191629 0.233873
0.184931 0.230015
0.185143 0.23016
0.18346 0.229712
0.182323 0.228181
0.182531 0.227288
0.179363 0.222851
0.178579 0.221961
0.175373 0.217801
0.173927 0.2161
0.172606 0.214505
0.168518 0.210675
0.167058 0.208289
0.167308 0.208305
0.165601 0.206587
0.165682 0.206573
0.165844 0.205672
0.16389 0.204632
0.162928 0.203525