Linear regression parameters:
Intercept: 0.00214253
Slope: 0.980625
Correlation: 0.990235
Target-output data:
submatrix_0
0.168762 0.0936637
0.168776 0.175273
0.168657 0.175027
0.168378 0.174911
0.167955 0.174604
0.167983 0.174131
0.167476 0.174181
0.166893 0.173622
0.165361 0.172205
0.165386 0.171241
0.165398 0.171268
0.164342 0.171275
0.15933 0.166634
0.159337 0.16636
0.159345 0.166386
0.159033 0.166064
0.158403 0.165745
0.158318 0.165587
0.158186 0.165347
0.158191 0.165347
0.158147 0.165035
0.157885 0.164526
0.157586 0.164532
0.157438 0.164389
0.15744 0.164403
0.157648 0.164415
0.157794 0.164618
0.157795 0.164631
0.157783 0.164591
0.157671 0.164368
0.157862 0.164455
0.157716 0.164284
0.157504 0.164083
0.157011 0.163585
0.156402 0.163308
0.156396 0.162829
0.156083 0.162287
0.154104 0.161045
0.153762 0.160687
0.153662 0.160557
0.153656 0.160592
0.15365 0.160592
0.153565 0.160514
0.153558 0.160514
0.153389 0.160331
0.15338 0.160331
0.153139 0.160126
0.154298 0.161095
0.154874 0.161652
0.155521 0.162333
0.155512 0.16262
0.15603 0.163392
0.156021 0.163389
0.156914 0.163387
0.160094 0.166071
0.160087 0.16634
0.161669 0.167571
0.161658 0.167624
0.161652 0.167735
0.161984 0.167926
0.161987 0.167969
0.160848 0.167079
0.160828 0.166794
0.160372 0.166794
0.159557 0.166231
0.15954 0.166234
0.159582 0.166263
0.159578 0.166299
0.159629 0.166322
0.159662 0.166375
0.16008 0.166808
0.160076 0.16684
0.160705 0.167714
0.161762 0.168444
0.161839 0.168546
0.16189 0.168604
0.161597 0.1684
0.161596 0.1684
0.161568 0.16846
0.161666 0.168519
0.163188 0.169928
0.164639 0.171166
0.165584 0.171921
0.166951 0.17381
0.166955 0.17396
0.168139 0.174213
0.165078 0.170559
0.163757 0.170013
0.163761 0.169066
0.162149 0.168598
0.158262 0.166071
0.158264 0.166071
0.158266 0.165188
0.156239 0.16418
0.154644 0.163549
0.154644 0.162641
0.154644 0.162641
0.151295 0.159626
0.151289 0.159653
0.150593 0.158472
0.149979 0.158357
0.149975 0.158349
0.149965 0.158399
0.150385 0.158673
0.150379 0.158673
0.150544 0.158608
0.150979 0.159079
0.151181 0.15922
0.151575 0.159577
0.152159 0.160073
0.154778 0.162371
0.155284 0.163082
0.155276 0.163042
0.155259 0.163081
0.15563 0.163081
0.155622 0.163125
0.155614 0.1633
0.155869 0.163299
0.155707 0.163217
0.155639 0.163187
0.155566 0.163185
0.155538 0.16318
0.155427 0.163099
0.155419 0.163105
0.155402 0.163097
0.155278 0.162997
0.154857 0.162547
0.154841 0.162558
0.154615 0.162448
0.154253 0.16227
0.153626 0.161246
0.152266 0.160634
0.152256 0.160481
0.151259 0.159709
0.151248 0.159493
0.150909 0.159494
0.151608 0.160168
0.151597 0.160475
0.152514 0.160954
0.152483 0.161997
0.153676 0.163299
0.155056 0.163667
0.167703 0.174884
0.171574 0.177417
0.171577 0.178104
0.172432 0.17882
0.172437 0.17882
0.173191 0.179529
0.173816 0.180121
0.17435 0.181148
0.175089 0.181511
0.175123 0.181457
0.174939 0.181316
0.174276 0.181256
0.173112 0.178429
0.170213 0.177614
0.170249 0.176963
0.166688 0.175152
0.165259 0.171736
0.16527 0.171848
0.161948 0.169032
0.159063 0.167858
0.154696 0.163768
0.152499 0.161642
0.152504 0.161685
0.1488 0.158685
0.148792 0.158142
0.148784 0.15774
0.147748 0.157187
0.146992 0.156405
0.146986 0.156526
0.146401 0.155825
0.146444 0.155921
0.14684 0.156205
0.148378 0.15696
0.154006 0.162069
0.153999 0.162305
0.155283 0.163393
0.156564 0.164503
0.159359 0.166877
0.160086 0.167602
0.160081 0.167877
0.160879 0.168353
0.162086 0.16964
0.163585 0.170815
0.163579 0.170776
0.164486 0.171898
0.168218 0.174832
0.168226 0.175072
0.16823 0.175072
0.168234 0.175541
0.169473 0.176353
0.169499 0.176299
0.169222 0.175993
0.168112 0.175136
0.168125 0.175164
0.167402 0.174546
0.166607 0.173632
0.165586 0.173029
0.164202 0.171812
0.16422 0.171392
0.161257 0.169368
0.118071 0.132952
0.118021 0.127553
0.0749302 0.0893463
0.0747653 0.0830005
0.0222387 0.0276934
0.0221467 0.0276934
0.0220564 0.0127477
-0.0419435 -0.06265
-0.163165 -0.157966
-0.237759 -0.253243
-0.396168 -0.378959
-0.47428 -0.448054
-0.4747 -0.46236
-0.532366 -0.500376
-0.560605 -0.518694
-0.600027 -0.545779
-0.626918 -0.566141
-0.643804 -0.575138
-0.645044 -0.588001
-0.643492 -0.588558
-0.593065 -0.552257
-0.562185 -0.502566
-0.520178 -0.460313
-0.371692 -0.313157
-0.372402 -0.313157
-0.262257 -0.216935
-0.263639 -0.209164
-0.0674135 -0.0398159
-0.0680142 -0.0388287
-0.0110254 0.0161056
0.0178035 0.045959
0.0436301 0.0537347
0.0420608 0.0707335
0.0660582 0.0959387
0.0904075 0.122096
0.109225 0.14201
0.14388 0.177853
0.179028 0.213539
0.201154 0.238858
0.208441 0.23862
0.207482 0.247266
0.217952 0.258383
0.219421 0.258979
0.211746 0.254579
0.210755 0.258455
0.210625 0.258455
0.209948 0.268905
0.209834 0.26673
0.21099 0.284809
0.210829 0.284198
0.255328 0.328066
0.275309 0.345052
0.300189 0.368803
0.300253 0.367231
0.330589 0.380586
0.330791 0.395956
0.35844 0.407693
0.358964 0.434302
0.385773 0.446494
0.436836 0.505072
0.456447 0.513093
0.474263 0.528517
0.482656 0.538784
0.457498 0.515634
0.457845 0.514601
0.391587 0.460173
0.392724 0.448808
0.370888 0.426976
0.362194 0.418914
0.353759 0.409996
0.346304 0.40702
0.346698 0.401816
0.333608 0.392945
0.334006 0.394127
0.331223 0.385648
0.328208 0.386138
0.326394 0.384537
0.325739 0.379176
0.321617 0.379101
0.318439 0.371358
0.315471 0.37031
0.311745 0.367507
0.304023 0.360145
0.298954 0.356184
0.299337 0.357412
0.279542 0.340159
0.263603 0.328296
0.242501 0.310422
0.230468 0.294519
0.198468 0.276749
0.199637 0.266507
0.181349 0.240746
0.13031 0.199411
0.130543 0.199484
0.131009 0.20066
0.0700876 0.13983
0.0546246 0.124047
0.0247464 0.0906473
0.0248494 0.0906473
0.0108067 0.0735881
0.00775687 0.0690746
0.00923738 0.0676425
0.0392599 0.0890522
0.0503733 0.090782
0.0626501 0.100219
0.0750554 0.11747
0.0995204 0.136509
0.099503 0.139806
0.111051 0.147735
0.12097 0.157625
0.138002 0.170336
0.149868 0.182629
0.152671 0.184217
0.154296 0.185274
0.154289 0.182429
0.154789 0.186286
0.154779 0.184215
0.154412 0.186289
0.153773 0.185761
0.153768 0.182785
0.153183 0.185169
0.154649 0.180688
0.157011 0.188479
0.16079 0.191324
0.215452 0.229836
0.224089 0.247582
0.237585 0.261571
0.313038 0.318503
0.342675 0.344933
0.351831 0.356891
0.358714 0.359604
0.36598 0.368817
0.367847 0.370971
0.368268 0.370258
0.364661 0.371607
0.364881 0.370187
0.365101 0.373475
0.362391 0.372164
0.347586 0.361104
0.339646 0.351502
0.32926 0.343338
0.319197 0.338382
0.319904 0.332633
0.299301 0.31251
0.289429 0.303534
0.266829 0.281983
0.240641 0.263795
0.235786 0.253907
0.232141 0.249877
0.230193 0.242959
0.231062 0.246842
0.23439 0.248533
0.234952 0.247663
0.268199 0.270187
0.283722 0.283753
0.284115 0.281534
0.290701 0.284915
0.290899 0.289037
0.291098 0.286925
0.303458 0.296125
0.30407 0.298871
0.308766 0.303776
0.308974 0.303836
0.309181 0.30214
0.312738 0.306728
0.313157 0.305272
0.313367 0.30653
0.31513 0.308103
0.318449 0.313165
0.318663 0.313165
0.319303 0.308462
0.308331 0.296556
0.29615 0.287047
0.274977 0.265756
0.262896 0.253505
0.256344 0.255361
0.238476 0.235952
0.23376 0.223511
0.230973 0.224993
0.229675 0.218348
0.23022 0.219958
0.231831 0.22037
0.24519 0.228988
0.245457 0.229229
0.256584 0.236041
0.265528 0.240691
0.265659 0.242375
0.270516 0.246724
0.280983 0.254886
0.285543 0.255706
0.287176 0.258946
0.288495 0.259582
0.277508 0.248543
0.259442 0.230507
0.259671 0.228477
0.223411 0.198108
0.2235 0.19696
0.22359 0.1949
0.209418 0.182957
0.209575 0.177253
0.178293 0.150885
0.178346 0.141639
0.149944 0.127495
0.123001 0.0995064
0.110442 0.0888873
0.0965229 0.0753553
0.0829335 0.0586593
0.0836881 0.0588045
0.0875526 0.0611165
0.103694 0.0756338
0.103548 0.0796905
0.157991 0.122388
0.168348 0.133479
0.177571 0.1397
0.192817 0.154619
0.203975 0.162701
0.202943 0.164805
0.199738 0.161081
0.19962 0.161337
0.186591 0.151566
0.186528 0.151566
0.174441 0.140919
0.168057 0.139514
0.160031 0.125335
0.137644 0.106131
0.137555 0.108219
0.137465 0.108219
0.131261 0.102341
0.131167 0.100091
0.118593 0.0881738
0.11838 0.0909727
0.114246 0.0877705
0.111079 0.0848543
0.110166 0.0838532
0.109933 0.0810187
0.12656 0.0995894
0.133746 0.101795
0.133629 0.105855
0.161279 0.131316
0.172753 0.133998
0.19374 0.161358
0.221373 0.192442
0.253117 0.21059
0.267054 0.22912
0.280235 0.241354
0.293496 0.25735
0.304998 0.26531
0.305003 0.262149
0.311024 0.270334
0.311035 0.269035
0.339147 0.29318
0.343726 0.303622
0.34248 0.304136
0.335552 0.30329
0.335744 0.298096
0.302081 0.271974
0.294303 0.265808
0.287138 0.257298
0.280714 0.253446
0.275384 0.24788
0.270442 0.245545
0.270545 0.241457
0.270647 0.243353
0.266098 0.240766
0.262403 0.235463
0.259143 0.229781
0.257049 0.231354
0.257346 0.229942
0.256577 0.227763
0.25787 0.22914
0.260749 0.227336
0.267809 0.235322
0.268014 0.232519
0.273644 0.239717
0.284687 0.25001
0.284907 0.248434
0.291635 0.256376
0.291863 0.257535
0.298837 0.263618
0.305706 0.268776
0.31553 0.275722
0.323538 0.280686
0.3259 0.284362
0.328184 0.287978
0.328564 0.286924
0.310093 0.272106
0.310679 0.270156
0.305016 0.2663
0.298873 0.26053
0.265158 0.2333
0.265532 0.228373
0.265657 0.22689
0.259231 0.223291
0.259351 0.223155
0.254694 0.215612
0.249468 0.20978
0.249577 0.211792
0.249098 0.209487
0.249124 0.210549
0.249227 0.20851
0.249687 0.209907
0.251648 0.211633
0.253774 0.211642
0.255638 0.212719
0.255732 0.213381
0.255921 0.21116
0.260913 0.216099
0.26119 0.216627
0.263578 0.218044
0.26367 0.218423
0.263853 0.216121
0.268845 0.221902
0.274331 0.225734
0.276689 0.227625
0.278718 0.228508
0.28066 0.230372
0.2739 0.220983
0.268665 0.217742
0.253007 0.208951
0.619285 0.538226
0.505753 0.415544
0.347062 0.260309
0.258864 0.222354
0.244179 0.116688
0.169505 0.0660291
0.162184 0.0505323
0.140311 -0.0521897
0.0396783 -0.155508
-0.0737588 -0.185115
-0.0882675 -0.290922
-0.344809 -0.508208
-0.458242 -0.538818
-0.472134 -0.601436
-0.570101 -0.627772
-0.666292 -0.725255
-0.79332 -0.765174
-0.796713 -0.751908
-0.720166 -0.713214
-0.731479 -0.654679
-0.658693 -0.654559
-0.662577 -0.623563
-0.582223 -0.542501
-0.582789 -0.479679
-0.485818 -0.447345
-0.374261 -0.390596
-0.372465 -0.387927
-0.249666 -0.236303
-0.123897 -0.154644
0.00271455 -0.0427577
0.325311 0.159901
0.456986 0.369602
0.668618 0.593441
0.682955 0.610467
0.828493 0.773641
0.868009 0.838546
0.918981 0.864609
0.935271 0.821337
0.857442 0.83018
0.909611 0.804471
0.846627 0.791178
0.80278 0.760048
0.697584 0.649438
0.619165 0.576608
0.526317 0.484389
0.137255 0.186518
-0.174748 -0.249203
-0.329035 -0.411467
-0.336118 -0.455408
-0.60901 -0.605853
-0.62359 -0.687289
-0.920367 -0.915244
-0.969096 -0.956108
-0.976204 -0.95951
-0.96511 -0.955593
-0.968946 -0.975242
-0.961887 -0.941958
-0.934285 -0.913128
-0.597069 -0.603268
-0.464801 -0.460971
-0.406531 -0.388002
0.0227586 0.0202962
0.0628768 0.0391408
0.0449188 0.0352675
0.160327 0.158673
0.201598 0.170062
0.193017 0.159331
0.345688 0.307599
0.40747 0.320462
0.5121 0.479258
0.486676 0.481373
0.537183 0.504512
0.531289 0.503416
0.544766 0.496672
0.549617 0.544892
0.573603 0.555616
0.599206 0.579207
0.621187 0.609871
0.649577 0.630419
0.657276 0.622963
0.650447 0.638617
0.687497 0.669582
0.733231 0.711983
0.706214 0.718615
0.72182 0.702653
0.737611 0.705271
0.742802 0.714502
0.792307 0.739553
0.771143 0.737477
0.769057 0.754644
0.819615 0.780244
0.848277 0.820821
0.864731 0.819811
0.857544 0.825254
0.887745 0.881881
0.903072 0.874923
0.918191 0.882025
0.89343 0.872709
0.864685 0.846833
0.830008 0.808957
0.756003 0.76467
0.77126 0.746821
0.618093 0.599969
0.635458 0.575702
0.296074 0.370516
0.299804 0.29199
0.0696026 0.0557989
-0.0508868 -0.0228029
-0.19155 -0.0891983
-0.352898 -0.380621
-0.364722 -0.416394
-0.418608 -0.453437
-0.471527 -0.496005
-0.552143 -0.59958
-0.565213 -0.61547
-0.564122 -0.628508
-0.571295 -0.62905
-0.559246 -0.650384
-0.589413 -0.643895
-0.544134 -0.606221
-0.500484 -0.598278
-0.502709 -0.557851
-0.478498 -0.535151
-0.391709 -0.457161
-0.27331 -0.329627
-0.26709 -0.309727
-0.28492 -0.323708
-0.224131 -0.255453
-0.145783 -0.158959
-0.0647441 -0.0522166
-0.0730249 -0.0731652
0.000352693 0.00934551
0.071492 0.0707051
0.114215 0.114543
0.107831 0.107459
0.138943 0.131031
0.212135 0.207833
0.198705 0.206522
0.246915 0.238119
0.244104 0.23225
0.238437 0.228865
0.33991 0.318924
0.36306 0.335567
0.391207 0.365946
0.404267 0.377765
0.429606 0.40245
0.446805 0.426529
0.463068 0.440483
0.496103 0.497703
0.527369 0.526643
0.504182 0.540634
0.515674 0.52755
0.530316 0.537013
0.636232 0.649694
0.623433 0.656308
0.65584 0.663419
0.711052 0.712216
0.750626 0.745803
0.818904 0.814818
0.87333 0.861981
0.904529 0.902556
0.891271 0.928046
0.902673 0.924906
0.758428 0.830627
0.283331 0.31736
0.286872 0.294054
-0.0461203 0.091937
-0.0470445 -0.0229593
-0.38779 -0.246103
-0.390036 -0.373406
-0.614057 -0.612294
-0.788933 -0.788287
-0.874156 -0.868231
-0.88098 -0.871548
-0.672013 -0.662916
-0.562688 -0.568712
-0.496786 -0.506865
-0.412013 -0.404953
-0.420978 -0.409948
-0.279413 -0.289221
-0.288413 -0.283968
-0.190842 -0.183528
-0.114972 -0.104315
-0.0579867 -0.0442956
-0.0198943 -0.00802629
0.0107179 0.0185451
-0.00707367 0.00976877
0.0590899 0.0757232
0.0959206 0.0992742
0.139118 0.158266
0.351361 0.353506
0.336151 0.361468
0.439833 0.442501
0.468073 0.467366
0.456244 0.459255
0.489437 0.498636
0.522652 0.521135
0.516898 0.523987
0.521633 0.528968
0.518838 0.522785
0.516654 0.527493
0.520748 0.528867
0.516806 0.527306
0.517952 0.532884
0.532637 0.541784
0.539743 0.553906
0.519433 0.539711
0.522844 0.541859
0.609963 0.617051
0.607381 0.621447
0.693752 0.702868
0.813136 0.813854
0.908893 0.905902
0.924863 0.92715
0.959631 0.957748
0.922306 0.956292
0.959116 0.955571
0.911044 0.960757
0.272693 0.278144
0.0815481 0.186477
0.0820332 0.136244
0.0821109 0.107153
-0.145378 -0.122665
-0.306818 -0.301501
-0.314402 -0.288068
-0.368491 -0.335928
-0.386208 -0.408277
-0.431727 -0.427855
-0.450088 -0.459432
-0.523381 -0.523145
-0.516294 -0.532264
-0.532272 -0.530591
-0.547352 -0.538898
-0.521871 -0.51751
-0.529619 -0.511574
-0.499591 -0.52882
-0.498856 -0.524818
-0.507024 -0.493618
-0.465221 -0.488332
-0.386373 -0.35092
-0.342847 -0.367689
-0.315142 -0.312698
-0.283593 -0.232136
-0.230399 -0.253624
-0.248037 -0.23361
-0.104146 -0.170023
-0.130261 -0.0763296
-0.0392028 -0.0873042
-0.0285634 -0.000388875
0.024171 0.0342126
0.00811035 0.0203724
0.104791 0.116117
0.0894453 0.0928052
0.140775 0.13661
0.126298 0.129399
0.186258 0.19041
0.167364 0.18422
0.168979 0.173903
0.281039 0.277064
0.316107 0.287842
0.303668 0.309887
0.329435 0.323313
0.328812 0.320392
0.371431 0.362091
0.411778 0.405636
0.43777 0.425557
0.45167 0.442813
0.511871 0.530775
0.546148 0.569207
0.564105 0.585366
0.590459 0.599372
0.576445 0.605788
0.661459 0.70018
0.692236 0.713176
0.725264 0.735236
0.756144 0.770622
0.759639 0.762417
0.787466 0.788821
0.782323 0.808055
0.797575 0.819302
0.837245 0.874499
0.862415 0.88184
0.874557 0.90259
0.774773 0.857127
0.724749 0.743808
0.65276 0.697618
0.667514 0.647957
0.556864 0.602466
0.567847 0.570147
0.431373 0.440619
0.433534 0.441124
0.169814 0.234958
0.171056 0.143884
-0.370362 -0.362349
-0.479969 -0.446349
-0.680578 -0.682779
-0.694682 -0.684041
-0.775982 -0.752733
-0.812936 -0.7969
-0.824885 -0.819671
-0.849182 -0.828116
-0.855656 -0.83465
-0.853644 -0.840043
-0.868159 -0.851228
-0.831922 -0.830591
-0.814236 -0.794942
-0.746508 -0.748989
-0.686951 -0.695852
-0.559771 -0.574082
-0.576971 -0.582921
-0.329142 -0.358188
-0.337854 -0.356044
-0.346591 -0.33503
-0.220972 -0.245369
-0.106417 -0.119615
-0.115297 -0.138635
-0.0570483 -0.0641971
0.00720682 -0.0475768
-0.0283288 -0.0105745
0.0669443 0.0579302
0.110878 0.103628
0.102247 0.0977792
0.133666 0.128988
0.19506 0.141601
0.245434 0.245998
0.237804 0.263313
0.282641 0.27605
0.315388 0.31099
0.308359 0.315883
0.368706 0.324504
0.355391 0.359085
0.342427 0.358585
0.409465 0.387839
0.417592 0.416948
0.407285 0.411845
0.424814 0.424255
0.420536 0.422772
0.435433 0.436779
0.439498 0.440655
0.446074 0.450153
0.453358 0.459028
0.459619 0.455739
0.442395 0.440518
0.468244 0.47486
0.52272 0.545244
0.552984 0.574273
0.596477 0.614151
0.624291 0.625124
0.639905 0.637169
0.653946 0.65299
0.670074 0.666057
0.70273 0.694473
0.701923 0.69744
0.765829 0.756398
0.845237 0.82845
0.861833 0.854787
0.878334 0.856296
0.905112 0.905314
0.956938 0.94531
0.979937 0.981241
0.881535 0.89122
0.731678 0.75953
0.748891 0.711971
0.651378 0.604851
0.297905 0.360453
0.300649 0.336069
-0.065142 0.0387507
-0.184087 -0.147732
-0.190764 -0.20016
-0.420506 -0.406448
-0.460662 -0.483951
-0.505444 -0.540111
-0.529782 -0.541387
-0.53639 -0.570411
-0.535612 -0.569308
-0.549436 -0.579008
-0.533946 -0.562957
-0.373126 -0.414611
-0.3817 -0.413173
-0.358552 -0.392727
-0.323614 -0.391096
-0.303745 -0.369308
-0.330207 -0.351652
-0.232759 -0.240071
-0.259345 -0.243232
-0.221337 -0.228291
-0.214295 -0.202576
-0.102402 -0.0918296
-0.110867 -0.0991969
-0.119306 -0.0953065
-0.12772 -0.0804922
-0.0776281 -0.0647048
-0.0673485 -0.0170948
0.018027 0.0419742
0.110428 0.0674809
0.10325 0.123415
0.138974 0.17714
0.176315 0.181699
0.170065 0.175772
0.168994 0.176882
0.29689 0.302494
0.329246 0.330757
0.349739 0.360053
0.373779 0.375027
0.372479 0.369174
0.372218 0.379931
0.420903 0.423205
0.436155 0.429313
0.452337 0.452151
0.462488 0.457405
0.502554 0.497134
0.511052 0.508099
0.566617 0.58723
0.58851 0.624234
0.613812 0.64559
0.643734 0.671257
0.659015 0.689273
0.641667 0.675766
0.719526 0.73859
0.736086 0.740006
0.768351 0.780177
0.787555 0.801336
0.944864 0.959434
0.884532 0.909504
0.688524 0.694093
0.614457 0.625824
0.618588 0.625205
0.198897 0.263284
0.204809 0.173418
-0.130784 -0.0742375
-0.131594 -0.0916344
-0.229819 -0.205415
-0.381134 -0.334894
-0.507912 -0.394024
-0.517832 -0.489299
-0.521449 -0.532403
-0.724394 -0.716876
-0.85072 -0.844212
-0.859424 -0.868294
-0.866138 -0.857769
-0.861694 -0.838084
-0.833676 -0.807371
-0.782215 -0.771042
-0.716324 -0.712878
-0.724571 -0.721883
-0.732862 -0.727644
-0.705504 -0.665739
-0.618965 -0.610131
-0.57315 -0.572208
-0.430733 -0.41598
-0.194392 -0.193007
-0.203371 -0.202517
-0.217079 -0.099458
-0.126308 -0.0593131
-0.0420196 -0.0392268
-0.0428708 0.00029487
0.0393851 0.0644438
0.0387114 0.059302
0.0383769 0.0748727
0.145505 0.135522
0.201571 0.183516
0.256292 0.230703
0.256156 0.228034
0.337126 0.298173
0.3596 0.322209
0.359756 0.319374
0.375972 0.332767
0.376413 0.347487
0.388768 0.357689
0.389335 0.347319
0.389622 0.358864
0.394903 0.369489
0.396103 0.369861
0.394102 0.371798
0.395988 0.3618
0.391658 0.368397
0.389277 0.367247
0.38586 0.36502
0.419436 0.388688
0.425137 0.389463
0.42626 0.391514
0.466888 0.441431
0.476385 0.452564
0.485577 0.462745
0.487584 0.468009
0.501559 0.489314
0.502427 0.493618
0.496795 0.494601
0.485877 0.489137
0.487221 0.488029
0.467426 0.479203
0.46803 0.479533
0.379468 0.420003
0.323164 0.373495
0.29257 0.34244
0.234504 0.308771
0.234472 0.306186
0.203817 0.277338
0.172859 0.259284
0.172569 0.260096
0.113822 0.21023
0.086871 0.187428
0.00842262 0.122502
-0.00734949 0.108372
-0.0176291 0.0978581
-0.0201938 0.0950945
-0.0213478 0.0947669
-0.0207486 0.092195
-0.0231501 0.0915096
-0.0253693 0.0910415
-0.0174088 0.0967551
-0.0187371 0.0960767
-0.0161597 0.103364
0.0601488 0.170633
0.0586001 0.167702
0.071408 0.187498
0.0889666 0.198674
0.103624 0.212759
0.100494 0.208653
0.117155 0.226408
0.124001 0.232654
0.153148 0.258218
0.151628 0.255625
0.176287 0.277533
0.187197 0.288463
0.21919 0.300693
0.217342 0.300896
0.215487 0.298268
0.219131 0.304005
0.216993 0.302307
0.21517 0.298709
0.213191 0.296591
0.213021 0.29854
0.200391 0.284793
0.19796 0.284845
0.193194 0.279597
0.191375 0.275655
0.190463 0.278066
0.192329 0.278403
0.190518 0.271753
0.191573 0.274255
0.196604 0.273541
0.195708 0.275723
0.197545 0.278035
0.225648 0.293977
0.235347 0.30164
0.25698 0.31783
0.272024 0.33029
0.268524 0.32688
0.284306 0.340963
0.316661 0.366997
0.325695 0.374916
0.343093 0.393886
0.347391 0.397559
0.352831 0.398821
0.352078 0.397781
0.353133 0.399461
0.352978 0.39938
0.352236 0.398069
0.340482 0.389507
0.339733 0.388616
0.336951 0.387637
0.335462 0.385259
0.320586 0.37745
0.309521 0.363339
0.291592 0.350313
0.290847 0.3499
0.264358 0.338396
0.246572 0.324275
0.204932 0.283117
0.20417 0.281289
0.189537 0.266344
0.173051 0.249138
0.166658 0.239794
0.15903 0.227776
0.159135 0.226016
0.156719 0.219863
0.157188 0.21883
0.150526 0.210536
0.150915 0.208147
0.152207 0.206194
0.146013 0.200998
0.140733 0.190734
0.142091 0.187145
0.140654 0.188232
0.137998 0.18179
0.136269 0.180603
0.139746 0.178266
0.138763 0.174337
0.140341 0.172154
0.13989 0.171941
0.153426 0.171165
0.154755 0.172132
0.17066 0.17899
0.175071 0.182774
0.176586 0.183974
0.191529 0.188754
0.193126 0.190944
0.201395 0.197185
0.208223 0.2007
0.214836 0.205043
0.23 0.216821
0.23505 0.220144
0.246749 0.228653
0.25173 0.231113
0.251373 0.233201
0.253014 0.232824
0.256283 0.236803
0.25791 0.235641
0.25682 0.237041
0.247067 0.242506
0.249479 0.241866
0.243854 0.24039
0.247315 0.240439
0.24129 0.238755
0.243598 0.240429
0.237888 0.234579
0.229725 0.227851
0.230878 0.228233
0.232033 0.228437
0.204174 0.204013
0.196288 0.1935
0.188896 0.188639
0.190033 0.187471
0.191172 0.188658
0.181209 0.185426
0.184605 0.181406
0.179984 0.173241
0.174854 0.170265
0.18786 0.176639
0.197781 0.18398
0.247043 0.223191
0.257002 0.229732
0.279563 0.248066
0.283086 0.251676
0.288489 0.25613
0.303906 0.266378
0.321748 0.283137
0.324197 0.284795
0.329008 0.288856
0.329902 0.291178
0.332355 0.292119
0.333297 0.292539
0.332777 0.292179
0.327265 0.290189
0.325513 0.285463
0.322961 0.280947
0.316547 0.27741
0.306171 0.268763
0.294265 0.242545
0.282754 0.227975
0.27207 0.222039
0.276341 0.225855
0.265005 0.218226
0.255914 0.210702
0.24672 0.204948
0.248768 0.207322
0.176021 0.151352
0.161063 0.146242
0.161328 0.136884
0.161572 0.140168
0.144904 0.134345
0.145153 0.124776
0.145367 0.127883
0.115613 0.103539
0.115274 0.0974087
0.100491 0.0896757
0.0700733 0.06205
0.069601 0.0644403
0.0691096 0.0637167
0.063243 0.0593049
0.0608843 0.0557477
0.0275489 0.0249498
0.020736 0.0226306
0.018829 0.0175827
0.0106529 0.0138924
0.00608138 0.00888066
0.00396363 0.00829002
-0.00196319 0.00659506
-0.00178883 0.00995098
-0.000308309 0.0195197
0.0205996 0.0327894
0.0344712 0.0484093
0.0475596 0.0609666
0.0423683 0.0621579
0.0756023 0.088955
0.0904233 0.104463
0.127462 0.138703
0.12575 0.13671
0.159192 0.167817
0.171222 0.179187
0.208158 0.197458
0.222675 0.202128
0.218193 0.208422
0.232472 0.222294
0.243473 0.234469
0.259172 0.251311
0.258087 0.249056
0.256999 0.248098
0.270331 0.266293
0.27404 0.265245
0.272986 0.263801
0.27087 0.262052
0.272305 0.265536
0.2658 0.259153
0.264767 0.258417
0.258813 0.253014
0.253133 0.251546
0.252101 0.249604
0.236871 0.236286
0.233439 0.234134
0.222443 0.223311
0.223565 0.22412
0.222545 0.223268
0.221523 0.220656
0.227285 0.226801
0.253969 0.250739
0.261328 0.256865
0.259357 0.260576
0.267955 0.263467
0.265997 0.267268
0.279523 0.274263
0.284562 0.278313
0.283603 0.278339
0.294821 0.289555
0.293992 0.291397
0.292719 0.289152
0.290866 0.287105
0.29076 0.288637
0.286277 0.284754
0.260095 0.27484
0.236547 0.251549
0.220852 0.238405
0.219197 0.235646
0.218376 0.235188
0.217164 0.233792
0.215723 0.231329
0.211716 0.22461
0.213366 0.22499
0.214274 0.224559
0.216491 0.225857
0.216228 0.224843
0.218232 0.226504
0.217903 0.223985
0.219839 0.226399
0.219732 0.224246
0.21971 0.225132
0.216689 0.212423
0.212946 0.207333
0.204042 0.192912
0.200298 0.185713
0.194314 0.178869
0.188597 0.171415
0.190349 0.169963
0.176049 0.156831
0.169759 0.147612
0.161423 0.140579
0.162536 0.137758
0.16481 0.13851
0.161656 0.137103
0.16522 0.137742
0.168926 0.136227
0.171584 0.138651
0.170642 0.13862
0.174749 0.139417
0.179034 0.142307
0.187751 0.147036
0.195758 0.150195
0.198828 0.153638
0.205271 0.15695
0.217885 0.166153
0.219592 0.168195
0.224264 0.17193
0.231769 0.176109
0.232717 0.179964
0.234192 0.177755
0.235659 0.178807
0.237119 0.179033
0.213871 0.17716
0.212971 0.173642
0.209202 0.170219
0.21061 0.171943
0.207845 0.169974
0.205088 0.167647
0.206148 0.16568
0.200194 0.162107
0.194897 0.154581
0.184883 0.146506
0.184721 0.143589
0.179055 0.140118
0.181138 0.141954
0.176993 0.138002
0.183952 0.140508
0.183324 0.139501
0.184363 0.140921
0.185403 0.141369
0.204247 0.155527
0.214609 0.164777
0.225837 0.17354
0.236616 0.183094
0.277957 0.218319
0.289191 0.226843
0.297071 0.233568
0.300408 0.237464
0.312479 0.246854
0.313606 0.249128
0.330052 0.263205
0.328402 0.262876
0.329559 0.264234
0.321908 0.25663
0.31359 0.256975
0.312161 0.246899
0.307676 0.24537
0.308856 0.243178
0.273345 0.209155
0.268009 0.196397
0.259097 0.187986
0.231672 0.160838
0.219929 0.157391
0.214719 0.152485
0.204481 0.146543
0.206903 0.145569
0.198609 0.143855
0.190715 0.137592
0.191904 0.134337
0.181262 0.128522
0.181787 0.130846
0.182293 0.131305
0.166396 0.11856
0.158017 0.114578
0.147235 0.106009
0.135382 0.0965357
0.11885 0.0807556
0.118349 0.0786289
0.0943402 0.0673625
0.0940311 0.0591434
0.0812612 0.0488987
0.0664164 0.039353
0.0658204 0.0349045
0.0546595 0.029921
0.0337341 0.0133225
0.0276931 0.00826656
0.0256324 0.00717251
0.0248177 0.0110006
0.0243073 0.0104407
0.0238159 0.013135
0.0223274 0.0129378
0.022719 0.0167284
0.0211402 0.0159131
0.0303324 0.0165137
0.0238571 0.0232565
0.0330239 0.0293987
0.0375907 0.0359674
0.0453848 0.0520822
0.0928359 0.0890083
0.122026 0.120274
0.126155 0.13018
0.144513 0.142601
0.139319 0.143303
0.155941 0.151631
0.150839 0.15558
0.223414 0.20217
0.238125 0.216449
0.278849 0.256286
0.280162 0.258143
0.280066 0.257898
0.282399 0.261796
0.277027 0.257286
0.259093 0.245346
0.258049 0.243671
0.234886 0.224558
0.22037 0.210544
0.219259 0.211308
0.218404 0.209867
0.215274 0.209604
0.220637 0.211961
0.222976 0.209099
0.220907 0.213116
0.225242 0.214373
0.230028 0.219116
0.229001 0.217767
0.257071 0.243923
0.26691 0.247
0.280051 0.259268
0.2771 0.262229
0.282127 0.267827
0.289548 0.274914
0.288571 0.273723
0.287592 0.272628
0.298074 0.283738
0.29898 0.285713
0.297076 0.283196
0.295326 0.281253
0.293963 0.281082
0.293012 0.282307
0.292893 0.280578
0.290999 0.279165
0.272927 0.278848
0.271594 0.276759
0.255247 0.259535
0.249244 0.255222
0.242096 0.249155
0.233173 0.238323
0.232281 0.239498
0.231993 0.238969
0.229484 0.234848
0.230265 0.235576
0.228726 0.234382
0.224866 0.229376
0.224928 0.227959
0.224342 0.226904
0.223937 0.22568
0.22534 0.224821
0.225456 0.222377
0.218057 0.214093
0.213229 0.205722
0.213475 0.205011
0.201118 0.186715
0.194852 0.176613
0.158703 0.138337
0.158089 0.132563
0.15546 0.12621
0.160943 0.126249
0.163062 0.127922
0.169545 0.130945
0.173411 0.132286
0.17692 0.134876
0.179608 0.136629
0.183938 0.139134
0.185322 0.140179
0.19479 0.146219
0.20919 0.155724
0.233105 0.173118
0.239857 0.176377
0.244621 0.17448
0.247805 0.179462
0.243733 0.179951
0.244429 0.179632
0.240732 0.176204
0.242278 0.177303
0.240509 0.1773
0.24503 0.180037
0.239751 0.176848
0.242689 0.1783
0.22311 0.174027
0.203964 0.158461
0.194443 0.15117
0.197555 0.151708
0.187732 0.140863
0.0567471 0.0430593
0.0284064 0.0190166
-0.0303086 -0.0407612
-0.0306874 -0.0380168
-0.0476944 -0.0617658
-0.0741345 -0.0781382
-0.119056 -0.127632
-0.119579 -0.12271
-0.156121 -0.14804
-0.157329 -0.164038
-0.157584 -0.160223
-0.133512 -0.136519
-0.116803 -0.120407
-0.0986597 -0.0968298
-0.077365 -0.0819504
-0.054948 -0.0762215
-0.0552999 -0.0612022
-0.00851298 -0.0314046
-0.00918824 -0.0149908
-0.00986193 -0.00806549
0.0400049 0.0320683
0.0781369 0.0753181
0.131657 0.121572
0.131395 0.121266
0.131133 0.12091
0.175375 0.165074
0.175157 0.162324
0.199394 0.187782
0.209955 0.202185
0.228122 0.221514
0.245526 0.237044
0.265799 0.248943
0.294015 0.277993
0.36181 0.284583
0.363204 0.292502
0.410514 0.350171
0.430998 0.371474
0.422455 0.365169
0.413294 0.361342
0.395789 0.344271
0.382503 0.335187
0.34934 0.313113
0.354187 0.313669
0.334237 0.29774
0.316644 0.282481
0.294773 0.266965
0.296387 0.267215
0.272027 0.245475
0.252284 0.228024
0.231982 0.208595
0.235175 0.209571
0.214877 0.190926
0.216467 0.192233
0.201544 0.167092
0.172529 0.143945
0.155931 0.134909
0.137776 0.11385
0.137379 0.113407
0.140753 0.113548
0.147483 0.119381
0.149012 0.120052
0.15597 0.126273
0.177341 0.144798
0.193126 0.154349
0.194655 0.155957
0.206479 0.166034
0.222626 0.180398
0.232708 0.188157
0.272033 0.221406
0.285575 0.230084
0.287156 0.231892
0.293887 0.237175
0.297068 0.240966
0.304598 0.24828
0.306201 0.247372
0.261537 0.257673
0.261776 0.254403
0.254859 0.245142
0.248315 0.238863
0.235197 0.230353
0.235607 0.230802
0.176819 0.181468
0.161902 0.167261
0.144905 0.150797
0.129052 0.135886
0.0425316 0.050493
0.0425379 0.0496471
0.0234767 0.030051
0.0055884 0.00573554
-0.0242645 -0.0184895
-0.0244182 -0.0251617
-0.0347295 -0.0338144
-0.0349293 -0.0326067
-0.0413903 -0.0445375
-0.0416503 -0.0436299
-0.0417818 -0.0447427
-0.0295905 -0.0407213
-0.00912959 -0.0261389
0.00730827 -0.00369402
0.0503051 0.0351059
0.099755 0.0763198
0.153208 0.125358
0.153088 0.125358
0.238104 0.200606
0.262547 0.207954
0.304528 0.259616
0.323086 0.266128
0.32308 0.275972
0.323078 0.282948
0.354309 0.297479
0.354378 0.303676
0.36526 0.309476
0.365408 0.314963
0.373783 0.323247
0.373846 0.323247
0.37391 0.327254
0.380489 0.330194
0.380725 0.329282
0.319604 0.319937
0.312277 0.317148
0.299578 0.304382
0.295663 0.300603
0.244945 0.264091
0.231114 0.2539
0.197567 0.225853
0.182291 0.221664
0.178179 0.209202
0.165123 0.20537
0.130115 0.168243
0.102052 0.13902
0.100613 0.138574
0.0854301 0.125462
0.042557 0.083078
0.038014 0.0783509
0.0342065 0.0720229
0.0311154 0.0671364
0.0363575 0.0732929
0.0808665 0.109671
0.100156 0.123813
0.112973 0.134818
0.134238 0.155986
0.128006 0.158123
0.170425 0.184342
0.168886 0.184256
0.307245 0.307332
0.305802 0.304844
0.329484 0.326341
0.354911 0.341327
0.350717 0.343984
0.361485 0.35478
0.371733 0.358772
0.368997 0.361505
0.364358 0.358278
0.443341 0.387837
0.422413 0.375667
0.416897 0.376639
0.417007 0.373903
0.410792 0.369155
0.402 0.364875
0.388836 0.357023
0.388974 0.356382
0.373246 0.346454
0.373671 0.3452
0.336366 0.315746
0.29765 0.28529
0.227237 0.225446
0.227348 0.219573
0.122426 0.127129
0.106094 0.113022
0.0914774 0.0971415
0.0741265 0.0788002
0.0714936 0.0759194
0.0714873 0.0741237
0.0732024 0.0740999
0.0731754 0.0742958
0.11735 0.114181
0.134476 0.124466
0.173113 0.156866
0.173108 0.156855
0.193363 0.162029
0.193372 0.174118
0.214692 0.192248
0.235536 0.208806
0.249943 0.220831
0.266807 0.237388
0.266842 0.236419
0.266877 0.236419
0.301123 0.267512
0.348663 0.3063
0.360522 0.317054
0.433165 0.337083
0.435532 0.343522
0.438691 0.346127
0.421551 0.344109
0.423147 0.338137
0.424745 0.339171
0.413012 0.331969
0.417839 0.329194
0.351171 0.278621
0.32401 0.262655
0.327227 0.265184
0.298637 0.2437
0.300237 0.242558
0.272179 0.218042
0.27377 0.221133
0.207304 0.16059
0.150767 0.107223
0.101562 0.0777427
0.0677479 0.0245787
0.0692174 0.0271053
0.0395912 -0.00991628
0.0723765 0.0160211
0.102106 0.0418528
0.118708 0.0580274
0.159751 0.0898374
0.161173 0.0924792
0.183002 0.109998
0.185865 0.113255
0.1873 0.118541
0.360335 0.265397
0.370398 0.271926
0.383964 0.28348
0.390084 0.2894
0.324907 0.284115
0.325312 0.284866
0.259354 0.22605
0.241555 0.211927
0.241707 0.211986
0.22035 0.192413
0.194718 0.169088
0.169878 0.146926
0.144177 0.122867
0.119079 0.098746
-0.00115477 -0.0202275
-0.022058 -0.0409325
-0.0396308 -0.0627875
-0.0397322 -0.0597262
-0.0398337 -0.0608735
-0.0654701 -0.0912132
-0.0575983 -0.0919298
-0.0581721 -0.0871033
-0.0493144 -0.0798044
-0.0353002 -0.0692506
-0.0355078 -0.0681178
-0.0359247 -0.0642436
-0.000151381 -0.0365246
-0.000363789 -0.0358182
0.0183963 -0.01838
0.0378047 0.00514821
0.0600141 0.0197491
0.172012 0.119903
0.22982 0.17217
0.247838 0.194325
0.264578 0.203254
0.26447 0.203774
0.278714 0.217109
0.316454 0.247251
0.316409 0.254277
0.324235 0.261167
0.330096 0.268189
0.330075 0.267187
0.277457 0.269219
0.271642 0.261192
0.248063 0.24297
0.232184 0.23604
0.226539 0.228398
0.21758 0.221812
0.202605 0.210294
0.182213 0.194565
0.177876 0.189824
0.164622 0.178041
0.16316 0.175664
0.132864 0.149565
0.121714 0.140089
0.104617 0.123798
0.0971681 0.119464
0.0745704 0.0981629
0.0492114 0.0711471
0.0489102 0.0711382
0.0571672 0.071739
0.0539842 0.0748751
0.0626803 0.0832209
0.0578884 0.0811611
0.0721102 0.0914037
0.0689178 0.0872079
0.0806383 0.0983312
0.127438 0.137552
0.148769 0.158547
0.147192 0.15423
0.145612 0.161046
0.166343 0.171639
0.202613 0.214706
0.225784 0.226062
0.276507 0.268181
0.271995 0.265779
0.304137 0.293935
0.317764 0.30688
0.341944 0.330392
0.356073 0.344317
0.365396 0.352299
0.370296 0.354665
0.434445 0.371759
0.43449 0.371759
0.434656 0.373934
0.434717 0.373878
0.416886 0.367959
0.417189 0.367384
0.403894 0.360106
0.404218 0.356785
0.368127 0.332498
0.368241 0.332498
0.368468 0.333251
0.345721 0.314912
0.319911 0.297363
0.320234 0.294722
0.292706 0.290579
0.293011 0.273126
0.265069 0.251301
0.265253 0.250018
0.122034 0.124032
0.0968304 0.094878
0.0866697 0.0894351
0.080288 0.0807357
0.0802626 0.0803351
0.077728 0.0783785
0.0779245 0.0751751
0.0891124 0.0843055
0.0890205 0.0843955
0.119363 0.107044
0.133864 0.118877
0.165521 0.145377
0.182163 0.159933
0.199143 0.174227
0.199131 0.178853
0.233464 0.20257
0.268298 0.236026
0.280005 0.242348
0.280036 0.242348
0.29442 0.256106
0.294463 0.255229
0.332696 0.288758
0.332775 0.288758
0.352354 0.309422
0.363661 0.315363
0.363916 0.316751
0.43214 0.338768
0.436854 0.340301
0.42817 0.336876
0.417617 0.340573
0.409054 0.326279
0.412255 0.328359
0.381507 0.305611
0.317165 0.258101
0.29092 0.202991
0.294121 0.203837
0.295726 0.196165
0.231837 0.177129
0.199939 0.151145
0.201488 0.149933
0.204595 0.144675
0.117556 0.0701069
0.122055 0.0733658
0.108622 0.064819
0.0866142 0.0584951
0.0925759 0.0404529
0.0580802 0.0121299
0.0424317 -0.00916999
0.0395563 -0.0128425
0.03971 -0.0186994
0.0511516 -0.00635857
0.0631225 0.000728919
0.0645143 0.00419876
0.115009 0.0453433
0.138765 0.0681363
0.188703 0.111534
0.212317 0.133548
0.216623 0.137721
0.238456 0.157048
0.239902 0.158355
0.263701 0.177456
0.265163 0.179613
0.328961 0.234599
0.358046 0.260708
0.361115 0.264573
0.370229 0.26995
0.381123 0.279959
0.38425 0.28293
0.385817 0.284155
0.383787 0.285105
0.39009 0.287363
0.309924 0.270053
0.3103 0.263909
0.296636 0.25262
0.281606 0.241432
0.265999 0.223523
0.24691 0.212848
0.180734 0.155285
0.157011 0.148291
0.0916328 0.0709507
0.0688385 0.0636343
0.0464009 0.0253424
0.0463851 0.0253424
0.00377025 -0.00352878
-0.0148139 -0.0391766
-0.0207724 -0.0424952
-0.042912 -0.0661643
-0.0430436 -0.0669946
-0.0536371 -0.0801379
-0.0462725 -0.0754871
0.00375757 -0.0353452
0.00331531 -0.0343455
0.0212052 -0.0176483
0.0587238 0.0229397
0.0808031 0.0443973
0.106948 0.0610997
0.132821 0.084526
0.185216 0.13106
0.2519 0.191266
0.251657 0.191845
0.251535 0.191223
0.273926 0.198347
0.312072 0.235942
0.328149 0.261444
0.342004 0.274203
0.355425 0.287623
0.362833 0.294114
0.30319 0.290013
0.296538 0.28625
0.295168 0.284088
0.29104 0.281102
0.270525 0.265415
0.260382 0.258655
0.257599 0.25653
0.245973 0.248271
0.244575 0.24579
0.231924 0.23789
0.213704 0.222659
0.194157 0.207155
0.17518 0.198371
0.17374 0.189007
0.124155 0.144933
0.086592 0.108482
0.0336738 0.0586769
0.0262855 0.0528971
0.0247099 0.0496016
0.033555 0.0544944
0.0388779 0.0579218
0.0507458 0.0748533
0.0667398 0.0827449
0.063514 0.0792451
0.197488 0.116428
0.220558 0.138277
0.220315 0.138297
0.198892 0.11603
0.157417 0.0806527
0.056094 0.000588519
-0.00944662 -0.0124421
-0.0809426 -0.118818
-0.0815085 -0.128657
-0.301392 -0.30938
-0.370083 -0.364416
-0.371414 -0.363632
-0.3704 -0.367718
-0.340206 -0.337784
-0.202486 -0.202733
-0.0790626 -0.0767133
-0.00795184 -0.0130164
0.119641 0.0585933
0.119297 0.0961042
0.118609 0.102348
0.217817 0.179813
0.217536 0.174379
0.244429 0.194593
0.272011 0.22384
0.287773 0.243263
0.24847 0.205005
0.133533 0.126967
0.0360357 0.0453355
0.0355237 0.0381563
0.0352669 0.0381563
-0.0124394 0.0385239
-0.0127136 0.00673106
-0.0846709 -0.0594423
-0.0849641 -0.0616985
-0.135324 -0.0838238
-0.156346 -0.111839
-0.157028 -0.117888
-0.141579 -0.0995612
-0.102727 -0.0625493
0.0206726 0.0522854
0.0200861 0.0509586
0.0561099 0.0622101
0.0917168 0.11925
0.149757 0.170389
0.266412 0.283475
0.307863 0.321721
0.326866 0.344383
0.348004 0.362825
0.348011 0.365065
0.354267 0.374516
0.360283 0.382346
0.360343 0.376577
0.360403 0.382536
0.350804 0.367381
0.348724 0.375523
0.34891 0.374548
0.345713 0.372485
0.335529 0.364576
0.333431 0.359457
0.332578 0.366
0.333052 0.35973
0.330011 0.360286
0.3368 0.359296
0.337005 0.362616
0.34147 0.365578
0.342119 0.364413
0.346458 0.367235
0.353271 0.373812
0.36231 0.381831
0.363328 0.383541
0.370502 0.390021
0.370768 0.391248
0.402434 0.429891
0.40276 0.431784
0.39281 0.419858
0.381293 0.412444
0.306161 0.343648
0.281231 0.338683
0.281526 0.324811
0.256042 0.315651
0.256602 0.297329
0.233284 0.275076
0.218342 0.261595
0.218606 0.257222
0.200311 0.243305
0.175338 0.209376
0.166391 0.20317
0.166829 0.200409
0.163251 0.185106
0.16349 0.186948
0.16363 0.187809
0.162169 0.185809
0.162437 0.187588
0.161892 0.187519
0.162977 0.186406
0.17124 0.188334
0.176757 0.17124
0.180983 0.153817
0.181093 0.153817
0.179494 0.139198
0.17222 0.12604
0.126689 0.0863198
0.126735 0.0813419
0.126828 0.0783869
0.0958683 0.0543907
0.0609192 0.0171904
0.0609144 0.020947
0.0609112 0.0141994
-0.0189812 -0.0591821
-0.0190462 -0.0546919
-0.0619241 -0.0924765
-0.0621223 -0.0948043
-0.0622222 -0.0958294
-0.0890744 -0.117415
-0.089282 -0.131485
-0.15258 -0.184225
-0.17575 -0.183469
-0.190911 -0.204354
-0.190247 -0.210982
-0.192186 -0.21561
-0.185232 -0.20691
-0.185768 -0.199682
-0.0748985 -0.0799861
-0.0444322 -0.0358768
0.0341193 0.0395936
0.0336326 0.0423257
0.108174 0.0754676
0.189395 0.179736
0.230066 0.221632
0.229633 0.223077
0.266802 0.263328
0.320001 0.306469
0.348046 0.333553
0.374841 0.35726
0.440865 0.421479
0.44093 0.421479
0.451787 0.43411
0.451879 0.433934
0.452155 0.435102
0.449417 0.433531
0.449512 0.432861
0.439148 0.425278
0.439307 0.424946
0.407076 0.399052
0.407422 0.392684
0.384732 0.374171
0.358649 0.370077
0.359167 0.34994
0.246703 0.268204
0.176812 0.192215
0.129283 0.157571
0.117688 0.152044
0.109765 0.144428
0.109833 0.145275
0.0986074 0.133834
0.0986613 0.13413
-0.004948 0.0237132
-0.00505421 0.0237435
-0.0571672 -0.0261644
-0.124191 -0.0703764
-0.160109 -0.135165
-0.188724 -0.165771
-0.213444 -0.19344
-0.213936 -0.199318
-0.234303 -0.218064
-0.234847 -0.212972
-0.253743 -0.238289
-0.267125 -0.244395
-0.270772 -0.260396
-0.274179 -0.245461
-0.265809 -0.242777
-0.267082 -0.237123
-0.254792 -0.230777
-0.256097 -0.22585
-0.240908 -0.206783
-0.22016 -0.18544
-0.167112 -0.138765
-0.0967036 -0.077795
-0.0975184 -0.0779296
-0.0621778 -0.0436558
-0.0257862 -0.00173833
0.0666637 0.0701993
0.0937727 0.0949869
0.14721 0.147276
0.187177 0.203638
0.198188 0.215976
0.197995 0.215976
0.226737 0.246775
0.226448 0.251663
0.244224 0.259178
0.244104 0.270283
0.243744 0.276171
0.2645 0.288648
0.264407 0.288215
0.290452 0.306788
0.365553 0.378163
0.39754 0.405058
0.430307 0.461686
0.465386 0.481313
0.465508 0.494364
0.498696 0.508545
0.498858 0.520319
0.540472 0.534729
0.582508 0.554154
0.582783 0.568004
0.607936 0.602462
0.616792 0.613221
0.618611 0.615169
0.601325 0.613363
0.576854 0.594932
0.466621 0.506103
0.429994 0.496288
0.431738 0.46329
0.35226 0.406405
0.353882 0.3904
0.312365 0.359944
0.242795 0.311824
0.182151 0.255136
0.15601 0.216913
0.132116 0.167385
0.132957 0.158074
0.104244 0.133254
0.105016 0.150247
0.090455 0.139352
0.0777089 0.128304
0.0779245 0.128985
0.0665369 0.114808
0.0667303 0.115213
0.0599015 0.112671
0.0624092 0.113028
0.0710355 0.11695
0.0945447 0.118553
0.0947951 0.121089
0.107089 0.11524
0.12912 0.109731
0.130165 0.106114
0.121662 0.101786
0.0825991 0.0549822
0.0514575 0.0256819
0.0514654 0.0206783
0.0514829 0.024059
0.0136314 0.0156944
0.0135252 -0.0116364
-0.0223465 -0.019419
-0.0225113 -0.0456141
-0.12257 -0.140299
-0.122706 -0.143422
-0.149452 -0.165008
-0.16304 -0.168583
-0.16444 -0.166925
-0.164671 -0.167487
-0.14968 -0.161427
-0.150397 -0.146231
-0.129332 -0.141246
-0.103597 -0.0967374
-0.104323 -0.0796775
-0.0404075 -0.0210767
-0.00416495 0.0131862
0.204654 0.207606
0.246965 0.245766
0.328741 0.322463
0.328702 0.322463
0.443793 0.426411
0.466862 0.450827
0.466952 0.449177
0.488388 0.458961
0.504654 0.489688
0.50496 0.488239
0.515666 0.501801
0.514519 0.503606
0.508993 0.495162
0.467064 0.454058
0.467288 0.454058
0.438987 0.452179
0.402822 0.40281
0.40304 0.40281
0.359927 0.366655
0.264438 0.262955
0.21726 0.232874
0.112335 0.142546
0.0600505 0.0917643
0.0296111 0.0700746
0.0296571 0.0677536
0.0241662 0.0668224
0.0202477 0.0639061
0.0202826 0.0635016
0.0203001 0.0635016
0.0157729 0.0561941
0.0157761 0.059243
0.00796927 0.0472977
0.00790745 0.0493532
0.00072203 0.0358862
-0.0199799 0.0151322
-0.0348453 -0.00348709
-0.0349467 -0.00192189
-0.0350482 -0.00188448
-0.0602122 -0.0302956
-0.117613 -0.090276
-0.189393 -0.16192
-0.199368 -0.18123
-0.199676 -0.17532
-0.210071 -0.189216
-0.211792 -0.189288
-0.197027 -0.165321
-0.184024 -0.152867
-0.168021 -0.139704
-0.111678 -0.0829536
-0.0713446 -0.0493426
-0.0717266 -0.046476
-0.0721071 -0.0465304
-0.0487881 -0.0279462
-0.049159 -0.0256229
-0.04953 -0.0281176
-0.0249477 -0.00586471
0.0359453 0.0493692
0.0356156 0.0527832
0.111097 0.130898
0.145751 0.168215
0.145515 0.166994
0.160979 0.179343
0.179901 0.213492
0.205603 0.235144
0.228597 0.258968
0.228468 0.258754
0.228211 0.257257
0.245181 0.27514
0.264179 0.28208
0.264098 0.293248
0.284794 0.29768
0.309807 0.326716
0.339895 0.356494
0.431773 0.437082
0.431894 0.437043
0.432016 0.438429
0.432138 0.450231
0.45883 0.461711
0.458983 0.463445
0.459137 0.463445
0.531505 0.5298
0.550996 0.553953
0.573322 0.579019
0.576399 0.580398
0.556491 0.576385
0.545201 0.56598
0.531283 0.551105
0.486172 0.523396
0.462759 0.513273
0.437803 0.44982
0.43821 0.450314
0.379361 0.398239
0.379753 0.392887
0.380144 0.392804
0.347159 0.369528
0.282885 0.333346
0.252982 0.296145
0.141447 0.192502
0.142211 0.186329
0.109329 0.115107
0.0698942 0.125098
0.0691365 0.116432
0.0792735 0.106343
0.0866317 0.0881146
0.103718 0.079546
0.105067 0.0842346
0.0881613 0.0776688
0.0883373 0.0645095
0.0361261 -0.0145641
0.0361197 -0.0164399
-0.076807 -0.0949091
-0.110282 -0.125065
-0.124505 -0.142151
-0.132937 -0.146835
-0.137007 -0.160597
-0.137602 -0.15239
-0.121624 -0.146191
-0.122047 -0.135381
-0.122259 -0.134779
-0.110707 -0.131384
-0.0964262 -0.0904691
-0.0783224 -0.059053
-0.0549258 -0.0396417
-0.0269798 -0.00803244
0.0432988 0.0625912
0.126254 0.139468
0.12611 0.136003
0.173776 0.182397
0.298459 0.300295
0.371789 0.367291
0.415734 0.404588
0.415849 0.413291
0.435948 0.425987
0.436032 0.424772
0.462032 0.451513
0.462166 0.451411
0.462437 0.452765
0.466725 0.459094
0.453849 0.449233
0.439095 0.436887
0.439285 0.437073
0.417719 0.419765
0.418106 0.41394
0.391699 0.394117
0.36034 0.388225
0.326006 0.320387
0.257962 0.283023
0.258129 0.281314
0.258297 0.281314
0.258464 0.271347
0.226244 0.247167
0.169088 0.208762
0.16922 0.192595
0.169485 0.191968
0.146103 0.171136
0.118095 0.148296
0.10786 0.138648
0.10106 0.134953
0.101145 0.136403
0.101231 0.136581
0.0739855 0.114049
0.0492415 0.0872486
0.0492304 0.086985
0.0307588 0.066384
-0.0244705 0.0099631
-0.0502702 -0.0166947
-0.110179 -0.0565533
-0.110337 -0.0805993
-0.161648 -0.145831
-0.185692 -0.16571
-0.218949 -0.188465
-0.219526 -0.195517
-0.23275 -0.214215
-0.242736 -0.222311
-0.242834 -0.218797
-0.237052 -0.218807
-0.219683 -0.185508
-0.220086 -0.183741
-0.16431 -0.140212
-0.164715 -0.133243
-0.165936 -0.131069
-0.117895 -0.0897618
-0.11829 -0.0897618
-0.0902299 -0.068577
-0.0906151 -0.0649846
-0.0418674 -0.0220042
-0.0426188 -0.0214696
-0.0177416 -0.00240526
0.00338506 0.011683
0.0515605 0.0552425
0.0512324 0.0570532
0.0655303 0.0773732
0.0918959 0.10856
0.0916122 0.10856
0.110312 0.133062
0.122579 0.153783
0.135497 0.170524
0.172031 0.207572
0.213883 0.235523
0.361524 0.377502
0.403623 0.416505
0.403684 0.417698
0.427877 0.428837
0.428063 0.437923
0.428156 0.440414
0.450733 0.472322
0.470778 0.484075
0.470932 0.480132
0.522409 0.533575
0.524177 0.542047
0.522533 0.54307
0.522842 0.540611
0.523151 0.548816
0.507474 0.539971
0.507815 0.538413
0.473072 0.516547
0.474118 0.505529
0.453561 0.498808
0.429422 0.477361
0.404387 0.455214
0.405441 0.449543
0.376846 0.430606
0.377192 0.424314
0.315935 0.375687
0.316918 0.363546
0.281492 0.344671
0.281803 0.338921
0.282115 0.338738
0.133064 0.20856
0.00230717 0.055997
-0.047623 0.0433864
-0.047352 -0.00211861
-0.0472601 -0.0160675
-0.169904 -0.131231
-0.285944 -0.250864
-0.32483 -0.283604
-0.35873 -0.314002
-0.388405 -0.345523
-0.409809 -0.350862
-0.410372 -0.35614
-0.410933 -0.364952
-0.415272 -0.373263
-0.415917 -0.351547
-0.41624 -0.356695
-0.404616 -0.341813
-0.384804 -0.3297
-0.385191 -0.327328
-0.385964 -0.321688
-0.156115 -0.110177
-0.0239538 0.0164689
0.0529364 0.0393896
0.0523959 0.0929295
0.121333 0.1479
0.191465 0.22144
0.29319 0.304001
0.292743 0.308119
0.386251 0.394411
0.386177 0.399676
0.448418 0.438232
0.448412 0.454207
0.465674 0.470509
0.467407 0.470889
0.398204 0.405534
0.398405 0.402955
0.370323 0.380414
0.339331 0.359399
0.306899 0.330077
0.274647 0.302755
0.245398 0.275697
0.197833 0.2372
0.197931 0.235831
0.179612 0.221794
0.179705 0.221823
0.12684 0.183589
0.120531 0.177943
0.113281 0.174358
0.113533 0.17038
0.10905 0.168169
0.103479 0.162064
0.0953452 0.153212
0.088071 0.147036
0.0863226 0.141247
0.0853889 0.136614
0.0861799 0.136025
0.0883135 0.1373
0.098536 0.144161
0.146092 0.17747
0.146116 0.18324
0.146189 0.184677
0.170698 0.204968
0.170735 0.20653
0.209354 0.239883
0.209598 0.240396
0.218003 0.247982
0.224184 0.253498
0.22426 0.253497
0.224413 0.255458
0.229682 0.257935
0.23342 0.260946
0.233508 0.261061
0.235887 0.2635
0.236977 0.263502
0.232863 0.26078
0.230702 0.257303
0.2276 0.255057
0.227707 0.254353
0.223823 0.250627
0.21456 0.245669
0.21478 0.242288
0.210138 0.2388
0.205645 0.237262
0.198333 0.227775
0.198553 0.226544
0.194831 0.224176
0.19152 0.218884
0.186383 0.218517
0.186704 0.217129
0.186811 0.217139
0.185143 0.21556
0.183355 0.215569
0.182531 0.212955
0.18088 0.210996
0.180511 0.210453
0.179164 0.208696
0.179264 0.208804
0.178875 0.207921
0.175654 0.202864
0.173835 0.201787
0.174019 0.201774
0.174111 0.201774
0.172606 0.200357
0.172786 0.19939
0.170997 0.198302
0.169226 0.196399
0.168518 0.196185
0.167141 0.194021
0.165601 0.192026
0.162283 0.188322